r   2 Z_p(r)
0   58.000
0.005   57.500
0.01    56.206
0.015   54.966
0.02    53.797
0.025   52.688
0.03    51.644
0.035   50.656
0.04    49.720
0.05    47.970
0.06    46.358
0.07    44.849
0.08    43.420
0.09    42.060
0.1 40.755
0.12    38.333
0.14    36.140
0.16    34.157
0.18    32.359
0.2 30.741
0.22    29.276
0.24    27.917
0.26    26.662
0.28    25.462
0.3 24.264
0.34    22.186
0.35    21.723
0.38    20.470
0.4 19.660
0.42    18.851
0.45    17.678
0.46    17.308
0.5 15.965
0.54    14.772
0.55    14.488
0.58    13.625
0.6 13.128
0.62    12.631
0.66    11.680
0.7 10.874
0.78    9.408
0.8 9.099
0.86    8.252
0.9 7.782
0.94    7.312
1   6.749
1.02    6.567
1.1 5.963
1.18    5.429
1.2 5.310
1.26    4.983
1.3 4.778
1.34    4.573
1.4 4.284
1.42    4.197
1.58    3.594
1.6 3.533
1.74    3.183
1.8 3.066
1.9 2.874
2   2.724
2.06    2.635
2.2 2.468
2.22    2.446
2.38    2.293
2.4 2.277
2.41    2.270
2.6 2.441
2.8 2.629