  -4.0000000000000001E-002  -108157.11562346578     
  -3.9539539539539544E-002  -111996.99234763339     
  -3.9079079079079079E-002  -115884.44206767253     
  -3.8618618618618622E-002  -119817.41434655793     
  -3.8158158158158158E-002  -123793.80299156081     
  -3.7697697697697700E-002  -127811.44723770481     
  -3.7237237237237236E-002  -131868.13291796102     
  -3.6776776776776779E-002  -135961.59364521483     
  -3.6316316316316315E-002  -140089.51199601678     
  -3.5855855855855857E-002  -144249.52069929740     
  -3.5395395395395393E-002  -148439.20380151313     
  -3.4934934934934936E-002  -152656.09788986619     
  -3.4474474474474479E-002  -156897.69325879164     
  -3.4014014014014014E-002  -161161.43510489524     
  -3.3553553553553557E-002  -165444.72475911508     
  -3.3093093093093093E-002  -169744.92083585900     
  -3.2632632632632635E-002  -174059.34048763613     
  -3.2172172172172171E-002  -178385.26060785071     
  -3.1711711711711714E-002  -182719.91904321071     
  -3.1251251251251250E-002  -187060.51578391856     
  -3.0790790790790792E-002  -191404.21428287079     
  -3.0330330330330332E-002  -195748.14260342656     
  -2.9869869869869871E-002  -200089.39470126046     
  -2.9409409409409410E-002  -204425.03166621833     
  -2.8948948948948949E-002  -208752.08299694446     
  -2.8488488488488492E-002  -213067.54783701629     
  -2.8028028028028028E-002  -217368.39628781957     
  -2.7567567567567570E-002  -221651.57063306868     
  -2.7107107107107106E-002  -225913.98670736619     
  -2.6646646646646649E-002  -230152.53513412320     
  -2.6186186186186188E-002  -234364.08267216774     
  -2.5725725725725727E-002  -238545.47353463856     
  -2.5265265265265267E-002  -242693.53069194927     
  -2.4804804804804806E-002  -246805.05726854582     
  -2.4344344344344345E-002  -250876.83785584621     
  -2.3883883883883884E-002  -254905.63992072677     
  -2.3423423423423424E-002  -258888.21516003896     
  -2.2962962962962963E-002  -262821.30088670447     
  -2.2502502502502505E-002  -266701.62148976262     
  -2.2042042042042045E-002  -270525.88980326045     
  -2.1581581581581584E-002  -274290.80860196234     
  -2.1121121121121123E-002  -277993.07200780971     
  -2.0660660660660662E-002  -281629.36697185901     
  -2.0200200200200202E-002  -285196.37478837575     
  -1.9739739739739741E-002  -288690.77258738189     
  -1.9279279279279280E-002  -292109.23484734644     
  -1.8818818818818819E-002  -295448.43496425264     
  -1.8358358358358359E-002  -298705.04676305299     
  -1.7897897897897898E-002  -301875.74614200759     
  -1.7437437437437441E-002  -304957.21262589248     
  -1.6976976976976980E-002  -307946.13101470890     
  -1.6516516516516519E-002  -310839.19300136517     
  -1.6056056056056058E-002  -313633.09886194597     
  -1.5595595595595597E-002  -316324.55914814217     
  -1.5135135135135137E-002  -318910.29635723180     
  -1.4674674674674676E-002  -321387.04670596682     
  -1.4214214214214215E-002  -323751.56188309321     
  -1.3753753753753754E-002  -326000.61083665892     
  -1.3293293293293294E-002  -328130.98157466378     
  -1.2832832832832836E-002  -330139.48298766313     
  -1.2372372372372376E-002  -332022.94677927793     
  -1.1911911911911915E-002  -333778.22927514731     
  -1.1451451451451454E-002  -335402.21340226452     
  -1.0990990990990993E-002  -336891.81063023332     
  -1.0530530530530532E-002  -338243.96293936693     
  -1.0070070070070072E-002  -339455.64482977940     
  -9.6096096096096109E-003  -340523.86539632577     
  -9.1491491491491501E-003  -341445.67038075178     
  -8.6886886886886894E-003  -342218.14430708397     
  -8.2282282282282321E-003  -342838.41255342570     
  -7.7677677677677678E-003  -343303.64363266883     
  -7.3073073073073105E-003  -343611.05136100523     
  -6.8468468468468463E-003  -343757.89706540684     
  -6.3863863863863890E-003  -343741.49193042476     
  -5.9259259259259248E-003  -343559.19931175554     
  -5.4654654654654675E-003  -343208.43707334588     
  -5.0050050050050102E-003  -342686.68001530349     
  -4.5445445445445459E-003  -341991.46229877602     
  -4.0840840840840886E-003  -341120.37993913289     
  -3.6236236236236244E-003  -340071.09332901257     
  -3.1631631631631671E-003  -338841.32978989236     
  -2.7027027027027029E-003  -337428.88618903124     
  -2.2422422422422456E-003  -335831.63161698921     
  -1.7817817817817813E-003  -334047.51003065729     
  -1.3213213213213240E-003  -332074.54304013896     
  -8.6086086086085978E-004  -329910.83265842043     
  -4.0040040040040248E-004  -327554.56418452715     
   6.0060060060054821E-005  -325004.00901222578     
   5.2052052052051906E-004  -322257.52762389579     
   9.8098098098097636E-004  -319313.57251341856     
   1.4414414414414406E-003  -316170.69124390936     
   1.9019019019018979E-003  -312827.52949757950     
   2.3623623623623621E-003  -309282.83421592211     
   2.8228228228228194E-003  -305535.45673868613     
   3.2832832832832837E-003  -301584.35606484656     
   3.7437437437437410E-003  -297428.60209400201     
   4.2042042042042052E-003  -293067.37896215427     
   4.6646646646646625E-003  -288499.98841163696     
   5.1251251251251198E-003  -283725.85322077264     
   5.5855855855855840E-003  -278744.52067563147     
   6.0460460460460413E-003  -273555.66611793917     
   6.5065065065065056E-003  -268159.09646685602     
   6.9669669669669629E-003  -262554.75393726054     
   7.4274274274274271E-003  -256742.71965590690     
   7.8878878878878844E-003  -250723.21742517894     
   8.3483483483483487E-003  -244496.61750221945     
   8.8088088088088060E-003  -238063.44041236775     
   9.2692692692692633E-003  -231424.36089073948     
   9.7297297297297275E-003  -224580.21175010517     
   1.0190190190190185E-002  -217531.98790355359     
   1.0650650650650649E-002  -210280.85038824516     
   1.1111111111111106E-002  -202828.13043490719     
   1.1571571571571571E-002  -195175.33357981429     
   1.2032032032032028E-002  -187324.14385645883     
   1.2492492492492492E-002  -179276.42795974840     
   1.2952952952952949E-002  -171034.23952783746     
   1.3413413413413414E-002  -162599.82340535155     
   1.3873873873873871E-002  -153975.61996329398     
   1.4334334334334328E-002  -145164.26944719357     
   1.4794794794794792E-002  -136168.61637200351     
   1.5255255255255250E-002  -126991.71390297329     
   1.5715715715715714E-002  -117636.82830846508     
   1.6176176176176171E-002  -108107.44340113093     
   1.6636636636636636E-002  -98407.264999243940     
   1.7097097097097093E-002  -88540.225402872238     
   1.7557557557557557E-002  -78510.487892854377     
   1.8018018018018014E-002  -68322.451183514262     
   1.8478478478478479E-002  -57980.753930156978     
   1.8938938938938936E-002  -47490.279173801202     
   1.9399399399399393E-002  -36856.158806833526     
   1.9859859859859857E-002  -26083.777982957650     
   2.0320320320320315E-002  -15178.779521078939     
   2.0780780780780779E-002  -4147.0682464096835     
   2.1241241241241236E-002   7005.1847097541513     
   2.1701701701701701E-002   18271.537662213956     
   2.2162162162162158E-002   29645.274218531686     
   2.2622622622622622E-002   41119.399173710699     
   2.3083083083083079E-002   52686.634544539091     
   2.3543543543543537E-002   64339.415652564283     
   2.4004004004003994E-002   76069.887388994131     
   2.4464464464464465E-002   87869.900570567552     
   2.4924924924924922E-002   99731.008476541741     
   2.5385385385385380E-002   111644.46353987117     
   2.5845845845845837E-002   123601.21422372312     
   2.6306306306306308E-002   135591.90212821844     
   2.6766766766766766E-002   147606.85929954998     
   2.7227227227227223E-002   159636.10580924907     
   2.7687687687687680E-002   171669.34759680662     
   2.8148148148148151E-002   183695.97463776494     
   2.8608608608608609E-002   195705.05940068187     
   2.9069069069069066E-002   207685.35569925822     
   2.9529529529529523E-002   219625.29792789536     
   2.9989989989989981E-002   231513.00071133705     
   3.0450450450450452E-002   243336.25901375353     
   3.0910910910910909E-002   255082.54876013822     
   3.1371371371371366E-002   266739.02799633774     
   3.1831831831831824E-002   278292.53860202833     
   3.2292292292292295E-002   289729.60868307471     
   3.2752752752752752E-002   301036.45560503326     
   3.3213213213213209E-002   312198.98976644559     
   3.3673673673673667E-002   323202.81916526199     
   3.4134134134134124E-002   334033.25483451510     
   3.4594594594594595E-002   344675.31714160647     
   3.5055055055055052E-002   355113.74311180034     
   3.5515515515515510E-002   365332.99479390489     
   3.5975975975975967E-002   375317.26874250005     
   3.6436436436436438E-002   385050.50673802779     
   3.6896896896896896E-002   394516.40778985037     
   3.7357357357357353E-002   403698.44154234987     
   3.7817817817817810E-002   412579.86318290024     
   3.8278278278278281E-002   421143.72993617348     
   3.8738738738738739E-002   429372.91928209685     
   3.9199199199199196E-002   437250.14902131492     
   3.9659659659659653E-002   444757.99928475416     
   4.0120120120120110E-002   451878.93664667202     
   4.0580580580580582E-002   458595.34050314827     
   4.1041041041041039E-002   464889.53183632105     
   4.1501501501501496E-002   470743.80454472813     
   4.1961961961961954E-002   476140.45952653699     
   4.2422422422422425E-002   481061.84168809530     
   4.2882882882882882E-002   485490.38008387352     
   4.3343343343343339E-002   489408.63139396004     
   4.3803803803803797E-002   492799.32699066016     
   4.4264264264264254E-002   495645.42378905625     
   4.4724724724724725E-002   497930.15918614576     
   4.5185185185185182E-002   499637.11032517499     
   4.5645645645645640E-002   500750.25802624109     
   4.6106106106106097E-002   501254.05559915269     
   4.6566566566566568E-002   501133.50301909470     
   4.7027027027027025E-002   500374.22664371738     
   4.7487487487487483E-002   498962.56499341404     
   4.7947947947947940E-002   496885.66090773611     
   4.8408408408408411E-002   494131.56054750783     
   4.8868868868868869E-002   490689.31968333176     
   4.9329329329329326E-002   486549.11773581192     
   4.9789789789789783E-002   481702.38016066246     
   5.0250250250250240E-002   476141.90957029053     
   5.0710710710710712E-002   469862.02641118027     
   5.1171171171171169E-002   462858.71963591984     
   5.1631631631631626E-002   455129.80804334895     
   5.2092092092092084E-002   446675.11317563866     
   5.2552552552552555E-002   437496.64432264643     
   5.3013013013013012E-002   427598.79658836138     
   5.3473473473473469E-002   416988.56278247893     
   5.3933933933933927E-002   405675.76018546795     
   5.4394394394394384E-002   393673.27302678121     
   5.4854854854854855E-002   380997.31186960579     
   5.5315315315315312E-002   367667.69088783511     
   5.5775775775775770E-002   353708.12442930794     
   5.6236236236236227E-002   339146.54388860706     
   5.6696696696696698E-002   324015.43649698648     
   5.7157157157157155E-002   308352.20733635861     
   5.7617617617617613E-002   292199.56625583756     
   5.8078078078078070E-002   275605.94122725882     
   5.8538538538538527E-002   258625.92015404571     
   5.8998998998998999E-002   241320.72262304771     
   5.9459459459459456E-002   223758.70421863810     
   5.9919919919919913E-002   206015.89505580484     
   6.0380380380380370E-002   188176.57508116058     
   6.0840840840840842E-002   170333.88892846100     
   6.1301301301301299E-002   152590.50225663223     
   6.1761761761761756E-002   135059.30320794097     
   6.2222222222222213E-002   117864.15168023697     
   6.2682682682682678E-002   101140.67968608097     
   6.3143143143143149E-002   85037.146281086709     
   6.3603603603603592E-002   69715.351095572143     
   6.4064064064064064E-002   55351.610131934096     
   6.4524524524524507E-002   42137.798399312276     
   6.4984984984984978E-002   30282.463849463689     
   6.5445445445445449E-002   20012.017729651219     
   6.5905905905905893E-002   11572.006530792436     
   6.6366366366366364E-002   5228.4713085796202     
   6.6826826826826835E-002   1269.4004657458609     
   6.7287287287287278E-002   6.2825949918779802     
   6.7747747747747750E-002   1775.7663762486147     
   6.8208208208208193E-002   6941.4351505934037     
   6.8668668668668664E-002   15895.704261608480     
   6.9129129129129135E-002   29061.849864226006     
   6.9589589589589579E-002   46896.178710849890     
   7.0050050050050050E-002   69890.348782208137     
   7.0510510510510493E-002   98573.851732207797     
   7.0970970970970965E-002   133516.66887006679     
   7.1431431431431436E-002   175332.11294992396     
   7.1891891891891879E-002   224679.86967249101     
   7.2352352352352350E-002   282269.25275059242     
   7.2812812812812822E-002   348862.68906406307     
   7.3273273273273265E-002   425279.44954169425     
   7.3733733733733736E-002   512399.64561381459     
   7.4194194194194180E-002   611168.50867665384     
   7.4654654654654651E-002   722600.97506502923     
   7.5115115115115122E-002   847786.59907069977     
   7.5575575575575565E-002   987894.81785792112     
   7.6036036036036037E-002   1144180.5953879338     
   7.6496496496496480E-002   1317990.4735753445     
   7.6956956956956951E-002   1510769.0605534422     
   7.7417417417417422E-002   1724065.9908715475     
   7.7877877877877866E-002   1959543.3946671747     
   7.8338338338338337E-002   2218983.9078831207     
   7.8798798798798780E-002   2504299.2760357228     
   7.9259259259259252E-002   2817539.5856455946     
   7.9719719719719723E-002   3160903.1848304621     
   8.0180180180180166E-002   3536747.3316527172     
   8.0640640640640637E-002   3947599.6418440696     
   8.1101101101101108E-002   4396170.3898144057     
   8.1561561561561552E-002   4885365.7292286083     
   8.2022022022022023E-002   5418301.9186260467     
   8.2482482482482467E-002   5998320.6087272335     
   8.2942942942942938E-002   6629005.3062679796     
   8.3403403403403409E-002   7314199.0846398519     
   8.3863863863863852E-002   8058023.6491890773     
   8.4324324324324323E-002   8864899.8792753443     
   8.4784784784784767E-002   9739569.9451188948     
   8.5245245245245238E-002   10687121.153574759     
   8.5705705705705681E-002   11713011.641840117     
   8.6166166166166153E-002   12823098.093454853     
   8.6626626626626624E-002   14023665.627534572     
   8.7087087087087067E-002   15321460.056986298     
   8.7547547547547538E-002   16723722.713477286     
   8.8008008008007982E-002   18238228.037287630     
   8.8468468468468453E-002   19873324.209881745     
   8.8928928928928924E-002   21637977.033577442     
   8.9389389389389368E-002   23541817.394462097     
   8.9849849849849839E-002   25595192.578659620     
   9.0310310310310310E-002   27809221.792018943     
   9.0770770770770753E-002   30195856.269072160     
   9.1231231231231225E-002   32767944.331076957     
   9.1691691691691668E-002   35539301.894792490     
   9.2152152152152139E-002   38524788.842555866     
   9.2612612612612610E-002   41740391.874720581     
   9.3073073073073054E-002   45203314.323170528     
   9.3533533533533525E-002   48932073.662652329     
   9.3993993993993968E-002   52946607.338811554     
   9.4454454454454440E-002   57268387.723574765     
   9.4914914914914911E-002   61920547.054709874     
   9.5375375375375354E-002   66928013.270759270     
   9.5835835835835825E-002   72317657.725180104     
   9.6296296296296297E-002   78118455.993698746     
   9.6756756756756740E-002   84361662.948963642     
   9.7217217217217211E-002   91081003.480083957     
   9.7677677677677655E-002   98312880.453191072     
   9.8138138138138126E-002   106096601.33733098     
   9.8598598598598597E-002   114474625.74261308     
   9.9059059059059040E-002   123492835.47223793     
   9.9519519519519511E-002   133200829.66513278     
   9.9979979979979955E-002   143652247.31819606     
  0.10044044044044043        154905120.13612872     
  0.10090090090090090        167022258.64032501     
  0.10136136136136134        180071674.87391958     
  0.10182182182182181        194127045.80710709     
  0.10228228228228228        209268221.20294476     
  0.10274274274274273        225581781.05145830     
  0.10320320320320320        243161647.26261476     
  0.10366366366366364        262109756.02970153     
  0.10412412412412411        282536796.86467516     
  0.10458458458458458        304563025.59445173     
  0.10504504504504503        328319159.44295436     
  0.10550550550550550        353947363.41846061     
  0.10596596596596594        381602337.55548418     
  0.10642642642642641        411452516.75844282     
  0.10688688688688688        443681395.83991152     
  0.10734734734734733        478488993.59560800     
  0.10780780780780780        516093472.50952864     
  0.10826826826826824        556732931.19481719     
  0.10872872872872871        600667390.78116262     
  0.10918918918918918        648180996.77779663     
  0.10964964964964963        699584463.40424228     
  0.11011011011011010        755217787.85999238     
  0.11057057057057057        815453269.15814030     
  0.11103103103103101        880698866.37010849     
  0.11149149149149148        951401939.94397318     
  0.11195195195195193        1028053423.6596359     
  0.11241241241241240        1111192479.5509777     
  0.11287287287287287        1201411699.4125781     
  0.11333333333333331        1299362921.8301654     
  0.11379379379379378        1405763744.3191485     
  0.11425425425425423        1521404821.8593268     
  0.11471471471471470        1647158057.0141008     
  0.11517517517517517        1783985796.5277977     
  0.11563563563563561        1932951178.1671839     
  0.11609609609609609        2095229776.0068033     
  0.11655655655655656        2272122730.4684362     
  0.11701701701701700        2465071566.5429945     
  0.11747747747747747        2675674940.9130864     
  0.11793793793793791        2905707591.4412637     
  0.11839839839839839        3157141809.2169838     
  0.11885885885885886        3432171802.3208489     
  0.11931931931931930        3733241377.7490897     
  0.11977977977977977        4063075438.4412360     
  0.12024024024024021        4424715878.8015079     
  0.12070070070070069        4821562545.0587263     
  0.12116116116116116        5257420062.4193783     
  0.12162162162162160        5736551434.9792519     
  0.12208208208208207        6263739519.1189518     
  0.12254254254254252        6844357628.9484138     
  0.12300300300300299        7484450776.9190350     
  0.12346346346346346        8190829320.3452635     
  0.12392392392392390        8971177099.8952465     
  0.12438438438438437        9834176542.5611858     
  0.12484484484484484        10789653685.445518     
  0.12530530530530529        11848746612.026943     
  0.12576576576576576        13024101473.021009     
  0.12622622622622620        14330101125.624281     
  0.12668668668668667        15783132339.424580     
  0.12714714714714714        17401898838.581833     
  0.12760760760760759        19207788826.966534     
  0.12806806806806806        21225307559.495197     
  0.12852852852852850        23482587670.821060     
  0.12898898898898897        26011992810.472702     
  0.12944944944944944        28850833489.333332     
  0.12990990990990989        32042218316.874607     
  0.13037037037037036        35636069038.331291     
  0.13083083083083083        39690334454.902153     
  0.13129129129129127        44272446524.825523     
  0.13175175175175174        49461072377.325119     
  0.13221221221221219        55348229290.318710     
  0.13267267267267266        62041846193.368896     
  0.13313313313313313        69668876965.446304     
  0.13359359359359357        78379097947.394394     
  0.13405405405405404        88349757482.708191     
  0.13451451451451449        99791290884.221375     
  0.13497497497497496        112954373626.61992     
  0.13543543543543543        128138663103.10451     
  0.13589589589589587        145703680946.82080     
  0.13635635635635635        166082423028.80661     
  0.13681681681681682        189798462801.61230     
  0.13727727727727726        217487553275.27441     
  0.13773773773773773        249925055639.24380     
  0.13819819819819817        288060958291.11920     
  0.13865865865865865        333064848563.10468     
  0.13911911911911912        386384017946.37689     
  0.13957957957957956        449819019407.17340     
  0.14004004004004003        525622584608.81671     
  0.14050050050050047        616630050582.39990     
  0.14096096096096095        726432628669.19983     
  0.14142142142142142        859609431094.30127     
  0.14188188188188186        1022040812085.4219     
  0.14234234234234233        1221335321478.2839     
  0.14280280280280278        1467417036110.5471     
  0.14326326326326325        1773341737611.8123     
  0.14372372372372372        2156443459568.2512     
  0.14418418418418416        2639963893505.2358     
  0.14464464464464463        3255396950080.1699     
  0.14510510510510510        4045907761423.5703     
  0.14556556556556555        5071390832986.3457     
  0.14602602602602602        6416070756308.6904     
  0.14648648648648646        8200118271629.1494     
  0.14694694694694693        10597732878404.527     
  0.14740740740740740        13865864214631.883     
  0.14786786786786785        18390850723263.488     
  0.14832832832832832        24766021734373.160     
  0.14878878878878876        33924356770003.293     
  0.14924924924924923        47372203567673.391     
  0.14970970970970970        67615211332568.305     
  0.15017017017017015        98964840476380.359     
  0.15063063063063062        149133628803217.69     
  0.15109109109109109        232553294350135.59     
  0.15155155155155153        377692621553521.50     
  0.15201201201201200        644352804039705.75     
  0.15247247247247245        1168085143477143.2     
  0.15293293293293292        2286493386531849.5     
  0.15339339339339339        4947473355869693.0     
  0.15385385385385383        12268436945757584.     
  0.15431431431431430        37018534174863040.     
  0.15477477477477475        1.5186003716573200E+017
  0.15523523523523522        1.0805486963232115E+018
  0.15569569569569569        2.7958456192741134E+019
  0.15615615615615613        5.4233738396557989E+024
  0.15661661661661661       -7.5179751067203322E+019
  0.15707707707707705       -1.8339551028548547E+018
  0.15753753753753752       -2.2475071493799334E+017
  0.15799799799799799       -51773920470099640.     
  0.15845845845845843       -16744368622888132.     
  0.15891891891891891       -6696159704278360.0     
  0.15937937937937938       -3097146242144852.0     
  0.15983983983983982       -1592607989556124.2     
  0.16030030030030029       -887696888941435.12     
  0.16076076076076073       -527172537747525.50     
  0.16122122122122121       -329503942387268.94     
  0.16168168168168168       -214821386092776.50     
  0.16214214214214212       -145091192719513.47     
  0.16260260260260259       -100984168824196.83     
  0.16306306306306304       -72126663716207.062     
  0.16352352352352351       -52687190591262.852     
  0.16398398398398398       -39254126832392.773     
  0.16444444444444442       -29760998127326.715     
  0.16490490490490489       -22917319589249.844     
  0.16536536536536536       -17895123720211.621     
  0.16582582582582581       -14150230897947.295     
  0.16628628628628628       -11317158146227.326     
  0.16674674674674672       -9145598590870.4355     
  0.16720720720720719       -7461061699771.4121     
  0.16766766766766766       -6139929266807.8799     
  0.16812812812812811       -5093320206231.1865     
  0.16858858858858858       -4256456064109.3281     
  0.16904904904904902       -3581530535487.8452     
  0.16950950950950949       -3032852136688.9883     
  0.16996996996996996       -2583486640663.6606     
  0.17043043043043041       -2212904513543.7207     
  0.17089089089089088       -1905311637792.9111     
  0.17135135135135132       -1648450869962.2544     
  0.17181181181181179       -1432732143888.9824     
  0.17227227227227226       -1250594525613.0652     
  0.17273273273273271       -1096033844290.1919     
  0.17319319319319318       -964249740101.02112     
  0.17365365365365365       -851379678477.91187     
  0.17411411411411409       -754296881456.45752     
  0.17457457457457456       -670455644861.35571     
  0.17503503503503501       -597772071430.02600     
  0.17549549549549548       -534531481309.71948     
  0.17595595595595595       -479316065621.29547     
  0.17641641641641639       -430948006776.24072     
  0.17687687687687687       -388444496450.30011     
  0.17733733733733731       -350981963070.46710     
  0.17779779779779778       -317867470699.88696     
  0.17825825825825825       -288515735437.03070     
  0.17871871871871869       -262430565271.02356     
  0.17917917917917917       -239189802585.50180     
  0.17963963963963964       -218433053068.73431     
  0.18010010010010008       -199851642999.75281     
  0.18056056056056055       -183180366106.19409     
  0.18102102102102099       -168190674495.91452     
  0.18148148148148147       -154685039368.80704     
  0.18194194194194194       -142492263908.19214     
  0.18240240240240238       -131463573422.04428     
  0.18286286286286285       -121469343170.51767     
  0.18332332332332330       -112396350656.52029     
  0.18378378378378377       -104145461257.33168     
  0.18424424424424424       -96629672774.981110     
  0.18470470470470468       -89772458540.364426     
  0.18516516516516515       -83506359365.290161     
  0.18562562562562562       -77771783783.695770     
  0.18608608608608607       -72515983007.971146     
  0.18654654654654654       -67692172955.963989     
  0.18700700700700698       -63258780315.572495     
  0.18746746746746745       -59178793628.034431     
  0.18792792792792792       -55419203399.764687     
  0.18838838838838837       -51950517969.969337     
  0.18884884884884884       -48746343965.198837     
  0.18930930930930928       -45783021915.023689     
  0.18976976976976975       -43039309160.838318     
  0.19023023023023022       -40496103341.480934     
  0.19069069069069067       -38136200791.034752     
  0.19115115115115114       -35944085049.967270     
  0.19161161161161158       -33905741399.094158     
  0.19207207207207205       -32008493877.939060     
  0.19253253253253252       -30240861881.551373     
  0.19299299299299297       -28592433710.547905     
  0.19345345345345344       -27053754905.515869     
  0.19391391391391391       -25616229484.250858     
  0.19437437437437435       -24272032434.069592     
  0.19483483483483482       -23014032081.489334     
  0.19529529529529527       -21835721101.090134     
  0.19575575575575574       -20731155117.054035     
  0.19621621621621621       -19694897993.026043     
  0.19667667667667665       -18721973002.355907     
  0.19713713713713713       -17807819184.566139     
  0.19759759759759757       -16948252310.846300     
  0.19805805805805804       -16139429888.590101     
  0.19851851851851851       -15377819776.631819     
  0.19897897897897895       -14660171989.524452     
  0.19943943943943943       -13983493340.726702     
  0.19989989989989990       -13345024614.008730     
  0.20036036036036034       -12742219978.969629     
  0.20082082082082081       -12172728415.671946     
  0.20128128128128125       -11634376934.298800     
  0.20174174174174173       -11125155394.601786     
  0.20220220220220220       -10643202763.078756     
  0.20266266266266264       -10186794654.067984     
  0.20312312312312311       -9754332026.6686954     
  0.20358358358358355       -9344330920.6313095     
  0.20404404404404403       -8955413123.4683647     
  0.20450450450450450       -8586297676.4332247     
  0.20496496496496494       -8235793138.6609621     
  0.20542542542542541       -7902790536.4230652     
  0.20588588588588586       -7586256925.9804058     
  0.20634634634634633       -7285229515.3859062     
  0.20680680680680680       -6998810290.9500694     
  0.20726726726726724       -6726161102.5266123     
  0.20772772772772771       -6466499159.3295574     
  0.20818818818818818       -6219092906.5065384     
  0.20864864864864863       -5983258239.1562443     
  0.20910910910910910       -5758355030.0334234     
  0.20956956956956954       -5543783937.9905796     
  0.21003003003003004       -5338983474.5462599     
  0.21049049049049048       -5143427305.5755424     
  0.21095095095095093       -4956621764.4290075     
  0.21141141141141137       -4778103563.5945940     
  0.21187187187187187       -4607437683.5304842     
  0.21233233233233231       -4444215423.3979626     
  0.21279279279279276       -4288052603.2619643     
  0.21325325325325326       -4138587901.5485468     
  0.21371371371371370       -3995481318.3990397     
  0.21417417417417414       -3858412754.1750026     
  0.21463463463463464       -3727080692.6245618     
  0.21509509509509508       -3601200981.7740321     
  0.21555555555555553       -3480505703.9952955     
  0.21601601601601597       -3364742126.5318947     
  0.21647647647647647       -3253671729.3139834     
  0.21693693693693691       -3147069300.9101496     
  0.21739739739739736       -3044722098.8195033     
  0.21785785785785786       -2946429068.5673003     
  0.21831831831831830       -2852000118.1211853     
  0.21877877877877874       -2761255440.9529538     
  0.21923923923923924       -2674024887.1022964     
  0.21969969969969969       -2590147376.0989509     
  0.22016016016016013       -2509470350.3811860     
  0.22062062062062063       -2431849264.7172279     
  0.22108108108108107       -2357147110.1889305     
  0.22154154154154151       -2285233969.3873177     
  0.22200200200200196       -2215986601.1466784     
  0.22246246246246246       -2149288052.2686930     
  0.22292292292292290       -2085027294.1747699     
  0.22338338338338334       -2023098883.3607683     
  0.22384384384384384       -1963402643.1460922     
  0.22430430430430429       -1905843365.8078225     
  0.22476476476476473       -1850330533.8709397     
  0.22522522522522523       -1796778058.0058975     
  0.22568568568568567       -1745104032.0283079     
  0.22614614614614612       -1695230502.5775018     
  0.22660660660660661       -1647083253.0397325     
  0.22706706706706706       -1600591600.8000290     
  0.22752752752752750       -1555688206.4879608     
  0.22798798798798794       -1512308894.9598451     
  0.22844844844844844       -1470392486.6244488     
  0.22890890890890889       -1429880639.3956223     
  0.22936936936936933       -1390717699.3930790     
  0.22982982982982983       -1352850560.4534602     
  0.23029029029029027       -1316228532.2225096     
  0.23075075075075072       -1280803215.5542214     
  0.23121121121121121       -1246528385.1083226     
  0.23167167167167166       -1213359878.6725285     
  0.23213213213213210       -1181255492.8290808     
  0.23259259259259260       -1150174884.6114926     
  0.23305305305305304       -1120079478.3049088     
  0.23351351351351349       -1090932377.8678834     
  0.23397397397397393       -1062698284.0009496     
  0.23443443443443443       -1035343415.7630123     
  0.23489489489489487       -1008835436.5749345     
  0.23535535535535532       -983143384.13558960     
  0.23581581581581582       -958237604.30126441     
  0.23627627627627626       -934089688.34889638     
  0.23673673673673670       -910672413.69501340     
  0.23719719719719720       -887959687.73853576     
  0.23765765765765764       -865926494.66904151     
  0.23811811811811809       -844548845.08211577     
  0.23857857857857859       -823803728.18538833     
  0.23903903903903903       -803669066.57165968     
  0.23949949949949947       -784123673.29555869     
  0.23995995995995992       -765147211.04553926     
  0.24042042042042042       -746720153.60024595     
  0.24088088088088086       -728823749.12606573     
  0.24134134134134130       -711439985.23904419     
  0.24180180180180180       -694551556.07244897     
  0.24226226226226225       -678141830.76490939     
  0.24272272272272269       -662194823.58243299     
  0.24318318318318319       -646695165.59583795     
  0.24364364364364363       -631628077.59919882     
  0.24410410410410407       -616979344.51494706     
  0.24456456456456457       -602735290.91238391     
  0.24502502502502502       -588882757.79699028     
  0.24548548548548546       -575409080.47936845     
  0.24594594594594590       -562302067.49523437     
  0.24640640640640640       -549549980.54470873     
  0.24686686686686685       -537141515.40469539     
  0.24732732732732729       -525065783.69255179     
  0.24778778778778779       -513312295.50074041     
  0.24824824824824823       -501870942.90564728     
  0.24870870870870868       -490731984.11114496     
  0.24916916916916917       -479886028.45087373     
  0.24962962962962962       -469324022.01917756     
  0.25009009009009009       -459037233.95231533     
  0.25055055055055053       -449017243.35176754     
  0.25101101101101103       -439255926.83362252     
  0.25147147147147147       -429745446.53717136     
  0.25193193193193192       -420478238.80569363     
  0.25239239239239242       -411447003.22975969     
  0.25285285285285286       -402644692.33023608     
  0.25331331331331330       -394064501.54015625     
  0.25377377377377380       -385699859.74877524     
  0.25423423423423425       -377544420.20499218     
  0.25469469469469469       -369592051.81432754     
  0.25515515515515519       -361836830.81693172     
  0.25561561561561563       -354273032.86512756     
  0.25607607607607608       -346895125.37295800     
  0.25653653653653652       -339697760.23787040     
  0.25699699699699702       -332675766.85458797     
  0.25745745745745746       -325824145.44661194     
  0.25791791791791790       -319138060.64084440     
  0.25837837837837840       -312612835.34626895     
  0.25883883883883885       -306243944.88352597     
  0.25929929929929929       -300027011.30999768     
  0.25975975975975979       -293957798.07490355     
  0.26022022022022023       -288032204.78642023     
  0.26068068068068068       -282246262.28739893     
  0.26114114114114118       -276596127.86628991     
  0.26160160160160162       -271078080.67666543     
  0.26206206206206206       -265688517.39102185     
  0.26252252252252251       -260423947.94862998     
  0.26298298298298300       -255280991.53915375     
  0.26344344344344345       -250256372.71124974     
  0.26390390390390389       -245346917.65184519     
  0.26436436436436439       -240549550.61659372     
  0.26482482482482483       -235861290.46147129     
  0.26528528528528528       -231279247.38584304     
  0.26574574574574578       -226800619.71532273     
  0.26620620620620622       -222422690.88520640     
  0.26666666666666666       -218142826.49114025     
  0.26712712712712716       -213958471.46378839     
  0.26758758758758761       -209867147.37390253     
  0.26804804804804805       -205866449.82165420     
  0.26850850850850849       -201954045.91429782     
  0.26896896896896899       -198127671.87038329     
  0.26942942942942943       -194385130.69481072     
  0.26988988988988988       -190724289.93125859     
  0.27035035035035038       -187143079.52786869     
  0.27081081081081082       -183639489.75212339     
  0.27127127127127126       -180211569.20957190     
  0.27173173173173176       -176857422.91248226     
  0.27219219219219221       -173575210.44153851     
  0.27265265265265265       -170363144.15263858     
  0.27311311311311315       -167219487.46541491     
  0.27357357357357359       -164142553.21859872     
  0.27403403403403404       -161130702.05228862     
  0.27449449449449448       -158182340.89927679     
  0.27495495495495498       -155295921.47926387     
  0.27541541541541542       -152469938.89091107     
  0.27587587587587586       -149702930.21518934     
  0.27633633633633636       -146993473.20569777     
  0.27679679679679681       -144340184.99609321     
  0.27725725725725725       -141741720.86115205     
  0.27771771771771775       -139196773.03037900     
  0.27817817817817819       -136704069.53754449     
  0.27863863863863864       -134262373.10788694     
  0.27909909909909913       -131870480.08244435     
  0.27955955955955958       -129527219.38693962     
  0.28002002002002002       -127231451.53143999     
  0.28048048048048047       -124982067.64174873     
  0.28094094094094096       -122777988.53079337     
  0.28140140140140141       -120618163.79690711     
  0.28186186186186185       -118501570.95442303     
  0.28232232232232235       -116427214.58997960     
  0.28278278278278279       -114394125.55701356     
  0.28324324324324324       -112401360.17999238     
  0.28370370370370374       -110447999.50777173     
  0.28416416416416418       -108533148.56893270     
  0.28462462462462462       -106655935.67457922     
  0.28508508508508507       -104815511.71929042     
  0.28554554554554556       -103011049.52966692     
  0.28600600600600601       -101241743.21492562     
  0.28646646646646645       -99506807.551980779     
  0.28692692692692695       -97805477.381578535     
  0.28738738738738739       -96137007.031216919     
  0.28784784784784784       -94500669.748180881     
  0.28830830830830834       -92895757.163180321     
  0.28876876876876878       -91321578.754505277     
  0.28922922922922922       -89777461.349228576     
  0.28968968968968972       -88262748.622571632     
  0.29015015015015017       -86776800.622113734     
  0.29061061061061061       -85318993.307349667     
  0.29107107107107105       -83888718.101767659     
  0.29153153153153155       -82485381.454445839     
  0.29199199199199199       -81108404.428193241     
  0.29245245245245244       -79757222.285418481     
  0.29291291291291294       -78431284.099048048     
  0.29337337337337338       -77130052.366518453     
  0.29383383383383382       -75853002.641717523     
  0.29429429429429432       -74599623.176271990     
  0.29475475475475477       -73369414.572196022     
  0.29521521521521521       -72161889.441168472     
  0.29567567567567571       -70976572.084720716     
  0.29613613613613615       -69812998.169940084     
  0.29659659659659660       -68670714.428297609     
  0.29705705705705704       -67549278.353078127     
  0.29751751751751754       -66448257.912769467     
  0.29797797797797798       -65367231.271338381     
  0.29843843843843842       -64305786.513730988     
  0.29889889889889892       -63263521.384533562     
  0.29935935935935937       -62240043.031039819     
  0.29981981981981981       -61234967.754380137     
  0.30028028028028031       -60247920.770456307     
  0.30074074074074075       -59278535.971951984     
  0.30120120120120120       -58326455.706588112     
  0.30166166166166170       -57391330.552810989     
  0.30212212212212214       -56472819.106546141     
  0.30258258258258258       -55570587.773753472     
  0.30304304304304303       -54684310.569365382     
  0.30350350350350352       -53813668.919890143     
  0.30396396396396397       -52958351.474523291     
  0.30442442442442441       -52118053.918921255     
  0.30488488488488491       -51292478.796675175     
  0.30534534534534535       -50481335.334300071     
  0.30580580580580580       -49684339.272167251     
  0.30626626626626630       -48901212.699828267     
  0.30672672672672674       -48131683.895116761     
  0.30718718718718718       -47375487.170057356     
  0.30764764764764768       -46632362.719262257     
  0.30810810810810813       -45902056.471029021     
  0.30856856856856857       -45184319.948009387     
  0.30902902902902901       -44478910.125397980     
  0.30948948948948951       -43785589.298200756     
  0.30994994994994995       -43104124.948143899     
  0.31041041041041040       -42434289.616436787     
  0.31087087087087090       -41775860.781450607     
  0.31133133133133134       -41128620.734300636     
  0.31179179179179178       -40492356.465535365     
  0.31225225225225228       -39866859.548523240     
  0.31271271271271273       -39251926.028419510     
  0.31317317317317317       -38647356.314137705     
  0.31363363363363367       -38052955.074990213     
  0.31409409409409411       -37468531.134668089     
  0.31455455455455456       -36893897.375017948     
  0.31501501501501500       -36328870.638574198     
  0.31547547547547550       -35773271.631279238     
  0.31593593593593594       -35226924.833986841     
  0.31639639639639638       -34689658.412336156     
  0.31685685685685688       -34161304.128405049     
  0.31731731731731733       -33641697.256769583     
  0.31777777777777777       -33130676.502330083     
  0.31823823823823827       -32628083.918868352     
  0.31869869869869871       -32133764.832975049     
  0.31915915915915916       -31647567.764681317     
  0.31961961961961960       -31169344.355951428     
  0.32008008008008010       -30698949.296874985     
  0.32054054054054054       -30236240.255620845     
  0.32100100100100099       -29781077.810189497     
  0.32146146146146148       -29333325.381038293     
  0.32192192192192193       -28892849.166316245     
  0.32238238238238237       -28459518.077670932     
  0.32284284284284287       -28033203.679665845     
  0.32330330330330331       -27613780.128419273     
  0.32376376376376376       -27201124.112586051     
  0.32422422422422426       -26795114.797740672     
  0.32468468468468470       -26395633.769162446     
  0.32514514514514514       -26002564.976671267     
  0.32560560560560559       -25615794.684333511     
  0.32606606606606608       -25235211.415799834     
  0.32652652652652653       -24860705.905730926     
  0.32698698698698697       -24492171.049476165     
  0.32744744744744747       -24129501.856451046     
  0.32790790790790791       -23772595.401458312     
  0.32836836836836836       -23421350.781079311     
  0.32882882882882886       -23075669.067718703     
  0.32928928928928930       -22735453.266816318     
  0.32974974974974974       -22400608.274547674     
  0.33021021021021024       -22071040.836016800     
  0.33067067067067069       -21746659.505911011     
  0.33113113113113113       -21427374.608073603     
  0.33159159159159157       -21113098.197549522     
  0.33205205205205207       -20803744.023848865     
  0.33251251251251251       -20499227.493107583     
  0.33297297297297296       -20199465.633758437     
  0.33343343343343346       -19904377.060273629     
  0.33389389389389390       -19613881.940705709     
  0.33435435435435434       -19327901.962317102     
  0.33481481481481484       -19046360.300231665     
  0.33527527527527529       -18769181.584672373     
  0.33573573573573573       -18496291.871061631     
  0.33619619619619623       -18227618.609441075     
  0.33665665665665667       -17963090.615277112     
  0.33711711711711712       -17702638.040508311     
  0.33757757757757756       -17446192.345543914     
  0.33803803803803806       -17193686.272164278     
  0.33849849849849850       -16945053.816197801     
  0.33895895895895894       -16700230.201760368     
  0.33941941941941944       -16459151.856028078     
  0.33987987987987989       -16221756.383103231     
  0.34034034034034033       -15987982.541571788     
  0.34080080080080083       -15757770.218636040     
  0.34126126126126127       -15531060.408200938     
  0.34172172172172172       -15307795.188018130     
  0.34218218218218222       -15087917.696593102     
  0.34264264264264266       -14871372.112774808     
  0.34310310310310310       -14658103.633518975     
  0.34356356356356355       -14448058.453623265     
  0.34402402402402404       -14241183.745348256     
  0.34448448448448449       -14037427.638797296     
  0.34494494494494493       -13836739.202234810     
  0.34540540540540543       -13639068.423541443     
  0.34586586586586587       -13444366.191459484     
  0.34632632632632632       -13252584.277480902     
  0.34678678678678682       -13063675.318652263     
  0.34724724724724726       -12877592.799382349     
  0.34770770770770770       -12694291.035485042     
  0.34816816816816815       -12513725.157248385     
  0.34862862862862865       -12335851.093016425     
  0.34908908908908909       -12160625.553988926     
  0.34954954954954953       -11988006.018115861     
  0.35001001001001003       -11817950.715518065     
  0.35047047047047047       -11650418.613442527     
  0.35093093093093092       -11485369.401640875     
  0.35139139139139142       -11322763.478635378     
  0.35185185185185186       -11162561.937701406     
  0.35231231231231230       -11004726.553127123     
  0.35277277277277280       -10849219.767081156     
  0.35323323323323325       -10696004.676960440     
  0.35369369369369369       -10545045.022230053     
  0.35415415415415413       -10396305.172353534     
  0.35461461461461463       -10249750.114365086     
  0.35507507507507508       -10105345.441342127     
  0.35553553553553552       -9963057.3404485285     
  0.35599599599599602       -9822852.5820133425     
  0.35645645645645646       -9684698.5074415077     
  0.35691691691691690       -9548563.0195267517     
  0.35737737737737740       -9414414.5709089804     
  0.35783783783783785       -9282222.1539946310     
  0.35829829829829829       -9151955.2906482797     
  0.35875875875875879       -9023584.0220769085     
  0.35921921921921923       -8897078.8992850874     
  0.35967967967967968       -8772410.9732800853     
  0.36014014014014012       -8649551.7855402995     
  0.36060060060060062       -8528473.3592056111     
  0.36106106106106106       -8409148.1897958424     
  0.36152152152152150       -8291549.2363938941     
  0.36198198198198200       -8175649.9131023847     
  0.36244244244244245       -8061424.0804941803     
  0.36290290290290289       -7948846.0373555599     
  0.36336336336336339       -7837890.5126510179     
  0.36382382382382383       -7728532.6573555758     
  0.36428428428428428       -7620748.0370700089     
  0.36474474474474478       -7514512.6239260668     
  0.36520520520520522       -7409802.7893316606     
  0.36566566566566566       -7306595.2966688275     
  0.36612612612612611       -7204867.2941582883     
  0.36658658658658660       -7104596.3076048680     
  0.36704704704704705       -7005760.2338542184     
  0.36750750750750749       -6908337.3337655142     
  0.36796796796796799       -6812306.2257295260     
  0.36842842842842843       -6717645.8790801233     
  0.36888888888888888       -6624335.6079402473     
  0.36934934934934938       -6532355.0648900149     
  0.36980980980980982       -6441684.2347302688     
  0.37027027027027026       -6352303.4287191117     
  0.37073073073073076       -6264193.2787120230     
  0.37119119119119121       -6177334.7312907400     
  0.37165165165165165       -6091709.0421249876     
  0.37211211211211209       -6007297.7706057215     
  0.37257257257257259       -5924082.7743833000     
  0.37303303303303303       -5842046.2039017649     
  0.37349349349349348       -5761170.4975818703     
  0.37395395395395398       -5681438.3762981966     
  0.37441441441441442       -5602832.8385289460     
  0.37487487487487486       -5525337.1556169419     
  0.37533533533533536       -5448934.8669545343     
  0.37579579579579581       -5373609.7749290112     
  0.37625625625625625       -5299345.9406618578     
  0.37671671671671675       -5226127.6793846553     
  0.37717717717717719       -5153939.5559953824     
  0.37763763763763764       -5082766.3806463536     
  0.37809809809809808       -5012593.2044695774     
  0.37855855855855858       -4943405.3155606808     
  0.37901901901901902       -4875188.2346203895     
  0.37947947947947946       -4807927.7110954178     
  0.37993993993993996       -4741609.7192150149     
  0.38040040040040041       -4676220.4539613705     
  0.38086086086086085       -4611746.3274998227     
  0.38132132132132135       -4548173.9652370159     
  0.38178178178178179       -4485490.2022940554     
  0.38224224224224224       -4423682.0798542649     
  0.38270270270270268       -4362736.8416162329     
  0.38316316316316318       -4302641.9303978272     
  0.38362362362362362       -4243384.9848074792     
  0.38408408408408407       -4184953.8356033452     
  0.38454454454454456       -4127336.5028147860     
  0.38500500500500501       -4070521.1923490367     
  0.38546546546546545       -4014496.2928354037     
  0.38592592592592595       -3959250.3725140095     
  0.38638638638638639       -3904772.1763764289     
  0.38684684684684684       -3851050.6229559234     
  0.38730730730730734       -3798074.8015899593     
  0.38776776776776778       -3745833.9694910203     
  0.38822822822822822       -3694317.5488569397     
  0.38868868868868867       -3643515.1243350329     
  0.38914914914914916       -3593416.4399643494     
  0.38960960960960961       -3544011.3968940238     
  0.39007007007007005       -3495290.0504763643     
  0.39053053053053055       -3447242.6078673201     
  0.39099099099099099       -3399859.4254941144     
  0.39145145145145144       -3353131.0064823306     
  0.39191191191191194       -3307047.9983231477     
  0.39237237237237238       -3261601.1905033872     
  0.39283283283283282       -3216781.5120925806     
  0.39329329329329332       -3172580.0295002977     
  0.39375375375375377       -3128987.9441710310     
  0.39421421421421421       -3085996.5904718689     
  0.39467467467467465       -3043597.4333824939     
  0.39513513513513515       -3001782.0664937510     
  0.39559559559559559       -2960542.2097479547     
  0.39605605605605604       -2919869.7075627600     
  0.39651651651651654       -2879756.5267000678     
  0.39697697697697698       -2840194.7542528338     
  0.39743743743743742       -2801176.5957831084     
  0.39789789789789792       -2762694.3733485048     
  0.39835835835835837       -2724740.5236148220     
  0.39881881881881881       -2687307.5960352304     
  0.39927927927927931       -2650388.2510365173     
  0.39973973973973975       -2613975.2581864260     
  0.40020020020020020       -2578061.4944819459     
  0.40066066066066064       -2542639.9425978563     
  0.40112112112112114       -2507703.6892696321     
  0.40158158158158158       -2473245.9235049943     
  0.40204204204204202       -2439259.9350508763     
  0.40250250250250252       -2405739.1127433921     
  0.40296296296296297       -2372676.9429495749     
  0.40342342342342341       -2340067.0079848361     
  0.40388388388388391       -2307902.9846559162     
  0.40434434434434435       -2276178.6426722519     
  0.40480480480480480       -2244887.8432612773     
  0.40526526526526530       -2214024.5376787474     
  0.40572572572572574       -2183582.7657800848     
  0.40618618618618618       -2153556.6546359137     
  0.40664664664664663       -2123940.4172071139     
  0.40710710710710712       -2094728.3509121856     
  0.40756756756756757       -2065914.8363584420     
  0.40802802802802801       -2037494.3360125679     
  0.40848848848848851       -2009461.3929407508     
  0.40894894894894895       -1981810.6295178749     
  0.40940940940940940       -1954536.7462636344     
  0.40986986986986990       -1927634.5205193325     
  0.41033033033033034       -1901098.8053419562     
  0.41079079079079078       -1874924.5282733135     
  0.41125125125125128       -1849106.6902339084     
  0.41171171171171173       -1823640.3643146281     
  0.41217217217217217       -1798520.6947633917     
  0.41263263263263261       -1773742.8957647244     
  0.41309309309309311       -1749302.2504863662     
  0.41355355355355355       -1725194.1098847745     
  0.41401401401401400       -1701413.8917886475     
  0.41447447447447450       -1677957.0798031809     
  0.41493493493493494       -1654819.2222897853     
  0.41539539539539538       -1631995.9314181583     
  0.41585585585585588       -1609482.8821586461     
  0.41631631631631633       -1587275.8113419758     
  0.41677677677677677       -1565370.5166907222     
  0.41723723723723721       -1543762.8559289826     
  0.41769769769769771       -1522448.7458235123     
  0.41815815815815816       -1501424.1613300249     
  0.41861861861861860       -1480685.1346839063     
  0.41907907907907910       -1460227.7545348580     
  0.41953953953953954       -1440048.1650864438     
  0.41999999999999998       -1420142.5652953419     
