0.000000000000000000e+00 5.800000000000000000e+01
2.417517517517517225e-03 5.775824824824825043e+01
4.835035035035034449e-03 5.751649649649649376e+01
7.252552552552551240e-03 5.691703939939939971e+01
9.670070070070068899e-03 5.629138586586586968e+01
1.208758758758758656e-02 5.568827827827828258e+01
1.450510510510510248e-02 5.508873393393393769e+01
1.692262262262262187e-02 5.451649083083083269e+01
1.934014014014013780e-02 5.395127523523523649e+01
2.175765765765765372e-02 5.340715153153153238e+01
2.417517517517517311e-02 5.287094614614614585e+01
2.659269269269268904e-02 5.235544576576576503e+01
2.901021021021020496e-02 5.185066810810810978e+01
3.142772772772772089e-02 5.136188100100100229e+01
3.384524524524524375e-02 5.088417953953953798e+01
3.626276276276275967e-02 5.041961081081080920e+01
3.868028028028027560e-02 4.996705153153153134e+01
4.109779779779779152e-02 4.952788538538538887e+01
4.351531531531530744e-02 4.910481981981982358e+01
4.593283283283283031e-02 4.868175425425425118e+01
4.835035035035034623e-02 4.825868868868868589e+01
5.076786786786786215e-02 4.784621969969970223e+01
5.318538538538537808e-02 4.745651587587587272e+01
5.560290290290289400e-02 4.706681205205205032e+01
5.802042042042040992e-02 4.667710822822822792e+01
6.043793793793793279e-02 4.629191516516516458e+01
6.285545545545544177e-02 4.592711177177177007e+01
6.527297297297296463e-02 4.556230837837837555e+01
6.769049049049048750e-02 4.519750498498498104e+01
7.010800800800799648e-02 4.483356565565565433e+01
7.252552552552551934e-02 4.448810240240240432e+01
7.494304304304302833e-02 4.414263914914915432e+01
7.736056056056055119e-02 4.379717589589589721e+01
7.977807807807807405e-02 4.345171264264264721e+01
8.219559559559558304e-02 4.312139899899900541e+01
8.461311311311310590e-02 4.279261661661661975e+01
8.703063063063061489e-02 4.246383423423424119e+01
8.944814814814813775e-02 4.213505185185185553e+01
9.186566566566566061e-02 4.181653063063063058e+01
9.428318318318316960e-02 4.150104459459459605e+01
9.670070070070069246e-02 4.118555855855856151e+01
9.911821821821820144e-02 4.087007252252252698e+01
1.015357357357357243e-01 4.056902240240240332e+01
1.039532532532532472e-01 4.027626103103103361e+01
1.063707707707707562e-01 3.998349965965966391e+01
1.087882882882882790e-01 3.969073828828828709e+01
1.112058058058057880e-01 3.939797691691691739e+01
1.136233233233233109e-01 3.910521554554554768e+01
1.160408408408408198e-01 3.881245417417417798e+01
1.184583583583583427e-01 3.851969280280280117e+01
1.208758758758758656e-01 3.823696021021020641e+01
1.232933933933933746e-01 3.797187941441441694e+01
1.257109109109108835e-01 3.770679861861862037e+01
1.281284284284284203e-01 3.744171782282282379e+01
1.305459459459459293e-01 3.717663702702702722e+01
1.329634634634634383e-01 3.691155623123123775e+01
1.353809809809809750e-01 3.664647543543543406e+01
1.377984984984984840e-01 3.638139463963964459e+01
1.402160160160159930e-01 3.611858201201201268e+01
1.426335335335335297e-01 3.587888515015015400e+01
1.450510510510510387e-01 3.563918828828828822e+01
1.474685685685685477e-01 3.539949142642642954e+01
1.498860860860860567e-01 3.515979456456456376e+01
1.523036036036035934e-01 3.492009770270270508e+01
1.547211211211211024e-01 3.468040084084083929e+01
1.571386386386386114e-01 3.444070397897898062e+01
1.595561561561561481e-01 3.420100711711711483e+01
1.619736736736736571e-01 3.397956673673673578e+01
1.643911911911911661e-01 3.376223191191191120e+01
1.668087087087086751e-01 3.354489708708708662e+01
1.692262262262262118e-01 3.332756226226226204e+01
1.716437437437437208e-01 3.311022743743743746e+01
1.740612612612612298e-01 3.289289261261261288e+01
1.764787787787787665e-01 3.267555778778778830e+01
1.788962962962962755e-01 3.245822296296296372e+01
1.813138138138137845e-01 3.225271246246246903e+01
1.837313313313313212e-01 3.205713529529529637e+01
1.861488488488488302e-01 3.186155812812813082e+01
1.885663663663663392e-01 3.166598096096096526e+01
1.909838838838838482e-01 3.147040379379379615e+01
1.934014014014013849e-01 3.127482662662662705e+01
1.958189189189188939e-01 3.107924945945946149e+01
1.982364364364364029e-01 3.088367229229229594e+01
2.006539539539539396e-01 3.069309787287287605e+01
2.030714714714714486e-01 3.051601471471471783e+01
2.054889889889889576e-01 3.033893155655655960e+01
2.079065065065064943e-01 3.016184839839839782e+01
2.103240240240240033e-01 2.998476524024024314e+01
2.127415415415415123e-01 2.980768208208208492e+01
2.151590590590590213e-01 2.963059892392392669e+01
2.175765765765765580e-01 2.945351576576576846e+01
2.199940940940940670e-01 2.927643260760761024e+01
2.224116116116115760e-01 2.911213099099099466e+01
2.248291291291291127e-01 2.894786067567567756e+01
2.272466466466466217e-01 2.878359036036036400e+01
2.296641641641641307e-01 2.861932004504504690e+01
2.320816816816816397e-01 2.845504972972973334e+01
2.344991991991991764e-01 2.829077941441441624e+01
2.369167167167166854e-01 2.812650909909910268e+01
2.393342342342341944e-01 2.796223878378378913e+01
2.417517517517517311e-01 2.780707757757758003e+01
2.441692692692692401e-01 2.765537835335335615e+01
2.465867867867867491e-01 2.750367912912913226e+01
2.490043043043042859e-01 2.735197990490490483e+01
2.514218218218217671e-01 2.720028068068068450e+01
2.538393393393393316e-01 2.704858145645645706e+01
2.562568568568568406e-01 2.689688223223223318e+01
2.586743743743743496e-01 2.674518300800800930e+01
2.610918918918918585e-01 2.659648648648648717e+01
2.635094094094093675e-01 2.645143543543543885e+01
2.659269269269268765e-01 2.630638438438438698e+01
2.683444444444443855e-01 2.616133333333333866e+01
2.707619619619619500e-01 2.601628228228228323e+01
2.731794794794794590e-01 2.587123123123123491e+01
2.755969969969969680e-01 2.572618018018018304e+01
2.780145145145144769e-01 2.558112912912913117e+01
2.804320320320319859e-01 2.543612128128128447e+01
2.828495495495494949e-01 2.529131198198198760e+01
2.852670670670670594e-01 2.514650268268268363e+01
2.876845845845845684e-01 2.500169338338338321e+01
2.901021021021020774e-01 2.485688408408408634e+01
2.925196196196195864e-01 2.471207478478478592e+01
2.949371371371370953e-01 2.456726548548548905e+01
2.973546546546546043e-01 2.442245618618618863e+01
2.997721721721721133e-01 2.427764688688688821e+01
3.021896896896896778e-01 2.415024562062061975e+01
3.046072072072071868e-01 2.402465558558558456e+01
3.070247247247246958e-01 2.389906555055055293e+01
3.094422422422422048e-01 2.377347551551551774e+01
3.118597597597597137e-01 2.364788548048048256e+01
3.142772772772772227e-01 2.352229544544544737e+01
3.166947947947947317e-01 2.339670541041041218e+01
3.191123123123122962e-01 2.327111537537537700e+01
3.215298298298298052e-01 2.314552534034034181e+01
3.239473473473473142e-01 2.301993530530530663e+01
3.263648648648648232e-01 2.289434527027027144e+01
3.287823823823823322e-01 2.276875523523523981e+01
3.311998998998998411e-01 2.264316520020020462e+01
3.336174174174173501e-01 2.251757516516516944e+01
3.360349349349349146e-01 2.239198513013013070e+01
3.384524524524524236e-01 2.226639509509509907e+01
3.408699699699699326e-01 2.214572039039039453e+01
3.432874874874874416e-01 2.203378932932933054e+01
3.457050050050049506e-01 2.192185826826827011e+01
3.481225225225224595e-01 2.180992720720720968e+01
3.505400400400400240e-01 2.170044432766099263e+01
3.529575575575575330e-01 2.159947267934601101e+01
3.553750750750750420e-01 2.149850103103102938e+01
3.577925925925925510e-01 2.139752938271604776e+01
3.602101101101100600e-01 2.129655773440106969e+01
3.626276276276275690e-01 2.119558608608608807e+01
3.650451451451450779e-01 2.109461443777110645e+01
3.674626626626626424e-01 2.099364278945612128e+01
3.698801801801801514e-01 2.089267114114113966e+01
3.722976976976976604e-01 2.079169949282616159e+01
3.747152152152151694e-01 2.069072784451117997e+01
3.771327327327326784e-01 2.058975619619619835e+01
3.795502502502501874e-01 2.048878454788121672e+01
3.819677677677676964e-01 2.039030540540540670e+01
3.843852852852852608e-01 2.029239594594594820e+01
3.868028028028027698e-01 2.019448648648648614e+01
3.892203203203202788e-01 2.009657702702702764e+01
3.916378378378377878e-01 1.999866756756756914e+01
3.940553553553552968e-01 1.990075810810811063e+01
3.964728728728728058e-01 1.980284864864865213e+01
3.988903903903903148e-01 1.970493918918919363e+01
4.013079079079078793e-01 1.960709512512512731e+01
4.037254254254253882e-01 1.950930654154154453e+01
4.061429429429428972e-01 1.941151795795796176e+01
4.085604604604604062e-01 1.931372937437437542e+01
4.109779779779779152e-01 1.921594079079079265e+01
4.133954954954954242e-01 1.911815220720720987e+01
4.158130130130129887e-01 1.902036362362362354e+01
4.182305305305304977e-01 1.892257504004004076e+01
4.206480480480480066e-01 1.882566132132131997e+01
4.230655655655655156e-01 1.873113638638638534e+01
4.254830830830830246e-01 1.863661145145145426e+01
4.279006006006005336e-01 1.854208651651651962e+01
4.303181181181180426e-01 1.844756158158158499e+01
4.327356356356356071e-01 1.835303664664664680e+01
4.351531531531531161e-01 1.825851171171171217e+01
4.375706706706706250e-01 1.816398677677677753e+01
4.399881881881881340e-01 1.806946184184184290e+01
4.424057057057056430e-01 1.797493690690690826e+01
4.448232232232231520e-01 1.788041197197197718e+01
4.472407407407406610e-01 1.778588703703704255e+01
4.496582582582582255e-01 1.769136210210210436e+01
4.520757757757757345e-01 1.760119629629629756e+01
4.544932932932932435e-01 1.751174814814815051e+01
4.569108108108107524e-01 1.742230000000000345e+01
4.593283283283282614e-01 1.733285185185185640e+01
4.617458458458457704e-01 1.724938322572572957e+01
4.641633633633632794e-01 1.716821507507507860e+01
4.665808808808808439e-01 1.708704692442442763e+01
4.689983983983983529e-01 1.700587877377377666e+01
4.714159159159158619e-01 1.692471062312312569e+01
4.738334334334333708e-01 1.684354247247247471e+01
4.762509509509508798e-01 1.676237432182182374e+01
4.786684684684683888e-01 1.668120617117117277e+01
4.810859859859859533e-01 1.660003802052052180e+01
4.835035035035034623e-01 1.651886986986987083e+01
4.859210210210209713e-01 1.643770171921921985e+01
4.883385385385384803e-01 1.635653356856856888e+01
4.907560560560559892e-01 1.627536541791792146e+01
4.931735735735734982e-01 1.619419726726727049e+01
4.955910910910910072e-01 1.611302911661661952e+01
4.980086086086085717e-01 1.603186096596596855e+01
5.004261261261260252e-01 1.595229078828829117e+01
5.028436436436435342e-01 1.588018832832833205e+01
5.052611611611611542e-01 1.580808586836836938e+01
5.076786786786786632e-01 1.573598340840840848e+01
5.100961961961961721e-01 1.566388094844844936e+01
5.125137137137136811e-01 1.559177848848849024e+01
5.149312312312311901e-01 1.551967602852852934e+01
5.173487487487486991e-01 1.544757356856857022e+01
5.197662662662662081e-01 1.537547110860861110e+01
5.221837837837837171e-01 1.530336864864865198e+01
5.246013013013012261e-01 1.523126618868869109e+01
5.270188188188187350e-01 1.515916372872873197e+01
5.294363363363362440e-01 1.508706126876877285e+01
5.318538538538537530e-01 1.501495880880881373e+01
5.342713713713712620e-01 1.494285634884885283e+01
5.366888888888887710e-01 1.487075388888889371e+01
5.391064064064063910e-01 1.479865142892893104e+01
5.415239239239239000e-01 1.472872056056056245e+01
5.439414414414414090e-01 1.466006306306306506e+01
5.463589589589589179e-01 1.459140556556556767e+01
5.487764764764764269e-01 1.452274806806807028e+01
5.511939939939939359e-01 1.445365277277277549e+01
5.536115115115114449e-01 1.438410885218552160e+01
5.560290290290289539e-01 1.431456493159826771e+01
5.584465465465464629e-01 1.424502101101101381e+01
5.608640640640639718e-01 1.417547709042375992e+01
5.632815815815814808e-01 1.410593316983650602e+01
5.656990990990989898e-01 1.403638924924925213e+01
5.681166166166164988e-01 1.396684532866199824e+01
5.705341341341341188e-01 1.389730140807474079e+01
5.729516516516516278e-01 1.382775748748748690e+01
5.753691691691691368e-01 1.375821356690023300e+01
5.777866866866866458e-01 1.368866964631297911e+01
5.802042042042041547e-01 1.361992552552552560e+01
5.826217217217216637e-01 1.355985021521521539e+01
5.850392392392391727e-01 1.349977490490490517e+01
5.874567567567566817e-01 1.343969959459459496e+01
5.898742742742741907e-01 1.337962428428428652e+01
5.922917917917916997e-01 1.331954897397397630e+01
5.947093093093092087e-01 1.325947366366366609e+01
5.971268268268267176e-01 1.319939835335335587e+01
5.995443443443442266e-01 1.313932304304304566e+01
6.019618618618617356e-01 1.307924773273273544e+01
6.043793793793793556e-01 1.301917242242242345e+01
6.067968968968968646e-01 1.295909711211211324e+01
6.092144144144143736e-01 1.289902180180180302e+01
6.116319319319318826e-01 1.283894649149149281e+01
6.140494494494493916e-01 1.277887118118118259e+01
6.164669669669669005e-01 1.271879587087087238e+01
6.188844844844844095e-01 1.265872056056056216e+01
6.213020020020019185e-01 1.260004490240240393e+01
6.237195195195194275e-01 1.254256842342342537e+01
6.261370370370369365e-01 1.248509194444444681e+01
6.285545545545544455e-01 1.242761546546546825e+01
6.309720720720719545e-01 1.237013898648648969e+01
6.333895895895894634e-01 1.231266250750751112e+01
6.358071071071070834e-01 1.225518602852852901e+01
6.382246246246245924e-01 1.219770954954955045e+01
6.406421421421421014e-01 1.214023307057057188e+01
6.430596596596596104e-01 1.208275659159159332e+01
6.454771771771771194e-01 1.202528011261261476e+01
6.478946946946946284e-01 1.196780363363363620e+01
6.503122122122121374e-01 1.191032715465465763e+01
6.527297297297296463e-01 1.185285067567567729e+01
6.551472472472471553e-01 1.179537419669669873e+01
6.575647647647646643e-01 1.173789771771772017e+01
6.599822822822821733e-01 1.168042123873874161e+01
6.623997997997996823e-01 1.163164403403403746e+01
6.648173173173171913e-01 1.158293105605605966e+01
6.672348348348347002e-01 1.153421807807808186e+01
6.696523523523523203e-01 1.148550510010010051e+01
6.720698698698698292e-01 1.143679212212212271e+01
6.744873873873873382e-01 1.138807914414414491e+01
6.769049049049048472e-01 1.133936616616616710e+01
6.793224224224223562e-01 1.129065318818818930e+01
6.817399399399398652e-01 1.124194021021021150e+01
6.841574574574573742e-01 1.119322723223223370e+01
6.865749749749748831e-01 1.114451425425425590e+01
6.889924924924923921e-01 1.109580127627627810e+01
6.914100100100099011e-01 1.104708829829830030e+01
6.938275275275274101e-01 1.099837532032032250e+01
6.962450450450449191e-01 1.094966234234234470e+01
6.986625625625624281e-01 1.090094936436436690e+01
7.010800800800800481e-01 1.085420753253253245e+01
7.034975975975975571e-01 1.080990652402402397e+01
7.059151151151150660e-01 1.076560551551551548e+01
7.083326326326325750e-01 1.072130450700700699e+01
7.107501501501500840e-01 1.067700349849850028e+01
7.131676676676675930e-01 1.063270248998999179e+01
7.155851851851851020e-01 1.058840148148148330e+01
7.180027027027026110e-01 1.054410047297297481e+01
7.204202202202201200e-01 1.049979946446446633e+01
7.228377377377376289e-01 1.045549845595595784e+01
7.252552552552551379e-01 1.041119744744744935e+01
7.276727727727726469e-01 1.036689643893894086e+01
7.300902902902901559e-01 1.032259543043043237e+01
7.325078078078076649e-01 1.027829442192192388e+01
7.349253253253252849e-01 1.023399341341341362e+01
7.373428428428427939e-01 1.018969240490490513e+01
7.397603603603603029e-01 1.014539139639639664e+01
7.421778778778778118e-01 1.010109038788788993e+01
7.445953953953953208e-01 1.005678937937938144e+01
7.470129129129128298e-01 1.001248837087087296e+01
7.494304304304303388e-01 9.968187362362364468e+00
7.518479479479478478e-01 9.923886353853855979e+00
7.542654654654653568e-01 9.879585345345347491e+00
7.566829829829828657e-01 9.835284336836839003e+00
7.591005005005003747e-01 9.790983328328330515e+00
7.615180180180178837e-01 9.746682319819822027e+00
7.639355355355353927e-01 9.702381311311313539e+00
7.663530530530530127e-01 9.658080302802803274e+00
7.687705705705705217e-01 9.613779294294294786e+00
7.711880880880880307e-01 9.569478285785786298e+00
7.736056056056055397e-01 9.525177277277277810e+00
7.760231231231230487e-01 9.480876268768771098e+00
7.784406406406405576e-01 9.436575260260262610e+00
7.808581581581580666e-01 9.394741456456458195e+00
7.832756756756755756e-01 9.357390810810812809e+00
7.856931931931930846e-01 9.320040165165167423e+00
7.881107107107105936e-01 9.282689519519522037e+00
7.905282282282281026e-01 9.245338873873876651e+00
7.929457457457456115e-01 9.207988228228231264e+00
7.953632632632631205e-01 9.170637582582585878e+00
7.977807807807806295e-01 9.133286936936940492e+00
8.001982982982982495e-01 9.096200689022357011e+00
8.026158158158157585e-01 9.062073400066735118e+00
8.050333333333332675e-01 9.027946111111113225e+00
8.074508508508507765e-01 8.993818822155491333e+00
8.098683683683682855e-01 8.959691533199867663e+00
8.122858858858857944e-01 8.925564244244245771e+00
8.147034034034033034e-01 8.891436955288623878e+00
8.171209209209208124e-01 8.857309666333001985e+00
8.195384384384383214e-01 8.823182377377380092e+00
8.219559559559558304e-01 8.789055088421758200e+00
8.243734734734733394e-01 8.754927799466134530e+00
8.267909909909908484e-01 8.720800510510512638e+00
8.292085085085083573e-01 8.686673221554890745e+00
8.316260260260259773e-01 8.652545932599267076e+00
8.340435435435434863e-01 8.618418643643645183e+00
8.364610610610609953e-01 8.584291354688023290e+00
8.388785785785785043e-01 8.550164065732401397e+00
8.412960960960960133e-01 8.516036776776777728e+00
8.437136136136135223e-01 8.481909487821155835e+00
8.461311311311310313e-01 8.447782198865533942e+00
8.485486486486485402e-01 8.413654909909912050e+00
8.509661661661660492e-01 8.379527620954290157e+00
8.533836836836835582e-01 8.345400331998668264e+00
8.558012012012010672e-01 8.311273043043044595e+00
8.582187187187185762e-01 8.277145754087422702e+00
8.606362362362360852e-01 8.244524224224226927e+00
8.630537537537535941e-01 8.216118393393395891e+00
8.654712712712712142e-01 8.187712562562563079e+00
8.678887887887887231e-01 8.159306731731733819e+00
8.703063063063062321e-01 8.130900900900902784e+00
8.727238238238237411e-01 8.102495070070071748e+00
8.751413413413412501e-01 8.074089239239240712e+00
8.775588588588587591e-01 8.045683408408409676e+00
8.799763763763762681e-01 8.017277577577578640e+00
8.823938938938937770e-01 7.988871746746748492e+00
8.848114114114112860e-01 7.960465915915917456e+00
8.872289289289287950e-01 7.932060085085087309e+00
8.896464464464463040e-01 7.903654254254256273e+00
8.920639639639638130e-01 7.875248423423425237e+00
8.944814814814813220e-01 7.846842592592595089e+00
8.968989989989989420e-01 7.818436761761763165e+00
8.993165165165164510e-01 7.790030930930932129e+00
9.017340340340339599e-01 7.761625100100101093e+00
9.041515515515514689e-01 7.733219269269270058e+00
9.065690690690689779e-01 7.704813438438439910e+00
9.089865865865864869e-01 7.676407607607608874e+00
9.114041041041039959e-01 7.648001776776777838e+00
9.138216216216215049e-01 7.619595945945947690e+00
9.162391391391390139e-01 7.591190115115116654e+00
9.186566566566565228e-01 7.562784284284285619e+00
9.210741741741740318e-01 7.534378453453455471e+00
9.234916916916915408e-01 7.505972622622624435e+00
9.259092092092090498e-01 7.477566791791793399e+00
9.283267267267265588e-01 7.449160960960962363e+00
9.307442442442441788e-01 7.420755130130130439e+00
9.331617617617616878e-01 7.392349299299300291e+00
9.355792792792791968e-01 7.363943468468469256e+00
9.379967967967967057e-01 7.335537637637638220e+00
9.404143143143142147e-01 7.308112350684018210e+00
9.428318318318317237e-01 7.285427977977978919e+00
9.452493493493492327e-01 7.262743605271939629e+00
9.476668668668667417e-01 7.240059232565900338e+00
9.500843843843842507e-01 7.217374859859861047e+00
9.525019019019017597e-01 7.194690487153821756e+00
9.549194194194192686e-01 7.172006114447782466e+00
9.573369369369367776e-01 7.149321741741743175e+00
9.597544544544542866e-01 7.126637369035703884e+00
9.621719719719719066e-01 7.103952996329663705e+00
9.645894894894894156e-01 7.081268623623624414e+00
9.670070070070069246e-01 7.058584250917585123e+00
9.694245245245244336e-01 7.035899878211545833e+00
9.718420420420419426e-01 7.013215505505506542e+00
9.742595595595594515e-01 6.990531132799467251e+00
9.766770770770769605e-01 6.967846760093427960e+00
9.790945945945944695e-01 6.945162387387388669e+00
9.815121121121119785e-01 6.922478014681349379e+00
9.839296296296294875e-01 6.899793641975310088e+00
9.863471471471469965e-01 6.877109269269270797e+00
9.887646646646645054e-01 6.854424896563231506e+00
9.911821821821820144e-01 6.831740523857192215e+00
9.935996996996996344e-01 6.809056151151151148e+00
9.960172172172171434e-01 6.786371778445111858e+00
9.984347347347346524e-01 6.763687405739072567e+00
1.000852252252252050e+00 6.741244504504505741e+00
1.003269769769769670e+00 6.719245095095096154e+00
1.005687287287287068e+00 6.697245685685687455e+00
1.008104804804804688e+00 6.675246276276276980e+00
1.010522322322322308e+00 6.653246866866867393e+00
1.012939839839839706e+00 6.631247457457458694e+00
1.015357357357357326e+00 6.609248048048048219e+00
1.017774874874874724e+00 6.587248638638640408e+00
1.020192392392392344e+00 6.565547437437437850e+00
1.022609909909909742e+00 6.547295180180181973e+00
1.025027427427427362e+00 6.529042922922923431e+00
1.027444944944944760e+00 6.510790665665667554e+00
1.029862462462462380e+00 6.492538408408409012e+00
1.032279979979979778e+00 6.474286151151153135e+00
1.034697497497497398e+00 6.456033893893894593e+00
1.037115015015014796e+00 6.437781636636638716e+00
1.039532532532532416e+00 6.419529379379381062e+00
1.041950050050049814e+00 6.401277122122124297e+00
1.044367567567567434e+00 6.383024864864866643e+00
1.046785085085085054e+00 6.364772607607608101e+00
1.049202602602602452e+00 6.346520350350352224e+00
1.051620120120120072e+00 6.328268093093093682e+00
1.054037637637637470e+00 6.310015835835837805e+00
1.056455155155155090e+00 6.291763578578579263e+00
1.058872672672672488e+00 6.273511321321323386e+00
1.061290190190190108e+00 6.255259064064064845e+00
1.063707707707707506e+00 6.237006806806808967e+00
1.066125225225225126e+00 6.218754549549551314e+00
1.068542742742742524e+00 6.200502292292294548e+00
1.070960260260260144e+00 6.182250035035036895e+00
1.073377777777777542e+00 6.163997777777780129e+00
1.075795295295295162e+00 6.145745520520522476e+00
1.078212812812812782e+00 6.127493263263263934e+00
1.080630330330330180e+00 6.109241006006008057e+00
1.083047847847847800e+00 6.090988748748749515e+00
1.085465365365365198e+00 6.072736491491493638e+00
1.087882882882882818e+00 6.054484234234235096e+00
1.090300400400400216e+00 6.036231976976979219e+00
1.092717917917917836e+00 6.017979719719720677e+00
1.095135435435435234e+00 5.999727462462464800e+00
1.097552952952952854e+00 5.981475205205207146e+00
1.099970470470470252e+00 5.963222947947950381e+00
1.102387987987987872e+00 5.947060180180181455e+00
1.104805505505505270e+00 5.930923250750752551e+00
1.107223023023022890e+00 5.914786321321322760e+00
1.109640540540540510e+00 5.898649391891892968e+00
1.112058058058057908e+00 5.882512462462464065e+00
1.114475575575575528e+00 5.866375533033034273e+00
1.116893093093092926e+00 5.850238603603605370e+00
1.119310610610610546e+00 5.834101674174174690e+00
1.121728128128127944e+00 5.817964744744746675e+00
1.124145645645645564e+00 5.801827815315315995e+00
1.126563163163162962e+00 5.785690885885887980e+00
1.128980680680680582e+00 5.769553956456457300e+00
1.131398198198197980e+00 5.753417027027028396e+00
1.133815715715715600e+00 5.737280097597598605e+00
1.136233233233232998e+00 5.721143168168169701e+00
1.138650750750750618e+00 5.705006238738739910e+00
1.141068268268268238e+00 5.688869309309310118e+00
1.143485785785785636e+00 5.672732379879881215e+00
1.145903303303303256e+00 5.656595450450451423e+00
1.148320820820820654e+00 5.640458521021022520e+00
1.150738338338338274e+00 5.624321591591591840e+00
1.153155855855855672e+00 5.608184662162163825e+00
1.155573373373373292e+00 5.592047732732733145e+00
1.157990890890890689e+00 5.575910803303305130e+00
1.160408408408408309e+00 5.559773873873874450e+00
1.162825925925925707e+00 5.543636944444445547e+00
1.165243443443443327e+00 5.527500015015015755e+00
1.167660960960960725e+00 5.511363085585586852e+00
1.170078478478478345e+00 5.495226156156157060e+00
1.172495995995995743e+00 5.479089226726728157e+00
1.174913513513513363e+00 5.462952297297298365e+00
1.177331031031030983e+00 5.446815367867867685e+00
1.179748548548548381e+00 5.430678438438439670e+00
1.182166066066066001e+00 5.416111906906906803e+00
1.184583583583583399e+00 5.401727677677678585e+00
1.187001101101101019e+00 5.387343448448448591e+00
1.189418618618618417e+00 5.372959219219220373e+00
1.191836136136136037e+00 5.358574989989990378e+00
1.194253653653653435e+00 5.344190760760761272e+00
1.196671171171171055e+00 5.329806531531531277e+00
1.199088688688688453e+00 5.315422302302303059e+00
1.201506206206206073e+00 5.301791176176176457e+00
1.203923723723723471e+00 5.288615705705706382e+00
1.206341241241241091e+00 5.275440235235235420e+00
1.208758758758758711e+00 5.262264764764764458e+00
1.211176276276276109e+00 5.249089294294294383e+00
1.213593793793793729e+00 5.235913823823823421e+00
1.216011311311311127e+00 5.222738353353354235e+00
1.218428828828828747e+00 5.209562882882882384e+00
1.220846346346346145e+00 5.196387412412413198e+00
1.223263863863863765e+00 5.183211941941942236e+00
1.225681381381381163e+00 5.170036471471472161e+00
1.228098898898898783e+00 5.156861001001001199e+00
1.230516416416416181e+00 5.143685530530531125e+00
1.232933933933933801e+00 5.130510060060060162e+00
1.235351451451451199e+00 5.117334589589590088e+00
1.237768968968968819e+00 5.104159119119119126e+00
1.240186486486486439e+00 5.090983648648648163e+00
1.242604004004003837e+00 5.077808178178178977e+00
1.245021521521521457e+00 5.064632707707708015e+00
1.247439039039038855e+00 5.051457237237237941e+00
1.249856556556556475e+00 5.038281766766766978e+00
1.252274074074073873e+00 5.025106296296296904e+00
1.254691591591591493e+00 5.011930825825825941e+00
1.257109109109108891e+00 4.998755355355355867e+00
1.259526626626626511e+00 4.985579884884884905e+00
1.261944144144143909e+00 4.973036261261261970e+00
1.264361661661661529e+00 4.960646483983984112e+00
1.266779179179178927e+00 4.948256706706708030e+00
1.269196696696696547e+00 4.935866929429430172e+00
1.271614214214214167e+00 4.923477152152152314e+00
1.274031731731731565e+00 4.911087374874875344e+00
1.276449249249249185e+00 4.898697597597597486e+00
1.278866766766766583e+00 4.886307820320321404e+00
1.281284284284284203e+00 4.873918043043043546e+00
1.283701801801801601e+00 4.861528265765766577e+00
1.286119319319319221e+00 4.849138488488488719e+00
1.288536836836836619e+00 4.836748711211211749e+00
1.290954354354354239e+00 4.824358933933933891e+00
1.293371871871871637e+00 4.811969156656657809e+00
1.295789389389389257e+00 4.799579379379379951e+00
1.298206906906906655e+00 4.787189602102102981e+00
1.300624424424424275e+00 4.774799824824825123e+00
1.303041941941941895e+00 4.762410047547547265e+00
1.305459459459459293e+00 4.750020270270271183e+00
1.307876976976976913e+00 4.737630492992993325e+00
1.310294494494494311e+00 4.725240715715716355e+00
1.312712012012011931e+00 4.712850938438439385e+00
1.315129529529529329e+00 4.700461161161162416e+00
1.317547047047046949e+00 4.688071383883884558e+00
1.319964564564564347e+00 4.675681606606607588e+00
1.322382082082081967e+00 4.663291829329330618e+00
1.324799599599599365e+00 4.650902052052053648e+00
1.327217117117116985e+00 4.638512274774775790e+00
1.329634634634634383e+00 4.626122497497499708e+00
1.332052152152152003e+00 4.613732720220221850e+00
1.334469669669669400e+00 4.601342942942944880e+00
1.336887187187187020e+00 4.588953165665667022e+00
1.339304704704704641e+00 4.576563388388389164e+00
1.341722222222222038e+00 4.564704629629630972e+00
1.344139739739739658e+00 4.553060253586921569e+00
1.346557257257257056e+00 4.541415877544212165e+00
1.348974774774774676e+00 4.529771501501502762e+00
1.351392292292292074e+00 4.518127125458793358e+00
1.353809809809809694e+00 4.506482749416083955e+00
1.356227327327327092e+00 4.494838373373374552e+00
1.358644844844844712e+00 4.483193997330665148e+00
1.361062362362362110e+00 4.471549621287955745e+00
1.363479879879879730e+00 4.459905245245246341e+00
1.365897397397397128e+00 4.448260869202536938e+00
1.368314914914914748e+00 4.436616493159827534e+00
1.370732432432432368e+00 4.424972117117117243e+00
1.373149949949949766e+00 4.413327741074408728e+00
1.375567467467467386e+00 4.401683365031698436e+00
1.377984984984984784e+00 4.390038988988989921e+00
1.380402502502502404e+00 4.378394612946279629e+00
1.382820020020019802e+00 4.366750236903571114e+00
1.385237537537537422e+00 4.355105860860860822e+00
1.387655055055054820e+00 4.343461484818152307e+00
1.390072572572572440e+00 4.331817108775442016e+00
1.392490090090089838e+00 4.320172732732733500e+00
1.394907607607607458e+00 4.308528356690023209e+00
1.397325125125124856e+00 4.296883980647314694e+00
1.399742642642642476e+00 4.285239604604604402e+00
1.402160160160160096e+00 4.274603303303303292e+00
1.404577677677677494e+00 4.264087102102102733e+00
1.406995195195195114e+00 4.253570900900900398e+00
1.409412712712712512e+00 4.243054699699699839e+00
1.411830230230230132e+00 4.232538498498498392e+00
1.414247747747747530e+00 4.222022297297297833e+00
1.416665265265265150e+00 4.211506096096096385e+00
1.419082782782782548e+00 4.200989894894895826e+00
1.421500300300300168e+00 4.191345743243243938e+00
1.423917817817817566e+00 4.182234724099100021e+00
1.426335335335335186e+00 4.173123704954955215e+00
1.428752852852852584e+00 4.164012685810811298e+00
1.431170370370370204e+00 4.154901666666667381e+00
1.433587887887887824e+00 4.145790647522522576e+00
1.436005405405405222e+00 4.136679628378378659e+00
1.438422922922922842e+00 4.127568609234234742e+00
1.440840440440440240e+00 4.118457590090090825e+00
1.443257957957957860e+00 4.109346570945946020e+00
1.445675475475475258e+00 4.100235551801802103e+00
1.448092992992992878e+00 4.091124532657658186e+00
1.450510510510510276e+00 4.082013513513514269e+00
1.452928028028027896e+00 4.072902494369369464e+00
1.455345545545545294e+00 4.063791475225226435e+00
1.457763063063062914e+00 4.054680456081081630e+00
1.460180580580580312e+00 4.045569436936937713e+00
1.462598098098097932e+00 4.036458417792792908e+00
1.465015615615615330e+00 4.027347398648649879e+00
1.467433133133132950e+00 4.018236379504505074e+00
1.469850650650650570e+00 4.009125360360360268e+00
1.472268168168167968e+00 4.000014341216217240e+00
1.474685685685685588e+00 3.990903322072072434e+00
1.477103203203202986e+00 3.981792302927928517e+00
1.479520720720720606e+00 3.972681283783784156e+00
1.481938238238238004e+00 3.963570264639640239e+00
1.484355755755755624e+00 3.954459245495495878e+00
1.486773273273273022e+00 3.945348226351352405e+00
1.489190790790790642e+00 3.936237207207207600e+00
1.491608308308308040e+00 3.927126188063064127e+00
1.494025825825825660e+00 3.918015168918919322e+00
1.496443343343343058e+00 3.908904149774775849e+00
1.498860860860860678e+00 3.899793130630631488e+00
1.501278378378378298e+00 3.890682111486486683e+00
1.503695895895895696e+00 3.881571092342343210e+00
1.506113413413413316e+00 3.872460073198198405e+00
1.508530930930930714e+00 3.863349054054054932e+00
1.510948448448448334e+00 3.854238034909910127e+00
1.513365965965965731e+00 3.845127015765766654e+00
1.515783483483483352e+00 3.836015996621622293e+00
1.518201001001000749e+00 3.826904977477478376e+00
1.520618518518518369e+00 3.817793958333334015e+00
1.523036036036035767e+00 3.808682939189190098e+00
1.525453553553553387e+00 3.799571920045045736e+00
1.527871071071070785e+00 3.790460900900901819e+00
1.530288588588588405e+00 3.781349881756757458e+00
1.532706106106106025e+00 3.772238862612613097e+00
1.535123623623623423e+00 3.763127843468469180e+00
1.537541141141141043e+00 3.754016824324324819e+00
1.539958658658658441e+00 3.744905805180180902e+00
1.542376176176176061e+00 3.735794786036036541e+00
1.544793693693693459e+00 3.726683766891892624e+00
1.547211211211211079e+00 3.717572747747748263e+00
1.549628728728728477e+00 3.708461728603604790e+00
1.552046246246246097e+00 3.699350709459459985e+00
1.554463763763763495e+00 3.690239690315316512e+00
1.556881281281281115e+00 3.681128671171171707e+00
1.559298798798798513e+00 3.672017652027028234e+00
1.561716316316316133e+00 3.662906632882883429e+00
1.564133833833833753e+00 3.653795613738739068e+00
1.566551351351351151e+00 3.644684594594595595e+00
1.568968868868868771e+00 3.635573575450450790e+00
1.571386386386386169e+00 3.626462556306307317e+00
1.573803903903903789e+00 3.617351537162162955e+00
1.576221421421421187e+00 3.608240518018019038e+00
1.578638938938938807e+00 3.599129498873874233e+00
1.581056456456456205e+00 3.590777807807808752e+00
1.583473973973973825e+00 3.583404379379379723e+00
1.585891491491491223e+00 3.576030950950952025e+00
1.588309009009008843e+00 3.568657522522522996e+00
1.590726526526526241e+00 3.561284094094095298e+00
1.593144044044043861e+00 3.553910665665666269e+00
1.595561561561561259e+00 3.546537237237238127e+00
1.597979079079078879e+00 3.539163808808809542e+00
1.600396596596596499e+00 3.532008508508508893e+00
1.602814114114113897e+00 3.525964714714715509e+00
1.605231631631631517e+00 3.519920920920921237e+00
1.607649149149148915e+00 3.513877127127127853e+00
1.610066666666666535e+00 3.507833333333333581e+00
1.612484184184183933e+00 3.501789539539540197e+00
1.614901701701701553e+00 3.495745745745746369e+00
1.617319219219218951e+00 3.489701951951952541e+00
1.619736736736736571e+00 3.483658158158158713e+00
1.622154254254253969e+00 3.477614364364365329e+00
1.624571771771771589e+00 3.471570570570571057e+00
1.626989289289288987e+00 3.465526776776777673e+00
1.629406806806806607e+00 3.459482982982983401e+00
1.631824324324324227e+00 3.453439189189189573e+00
1.634241841841841625e+00 3.447395395395396189e+00
1.636659359359359245e+00 3.441351601601601917e+00
1.639076876876876643e+00 3.435307807807808533e+00
1.641494394394394263e+00 3.429264014014014261e+00
1.643911911911911661e+00 3.423220220220220877e+00
1.646329429429429281e+00 3.417176426426427049e+00
1.648746946946946679e+00 3.411132632632633221e+00
1.651164464464464299e+00 3.405088838838839393e+00
1.653581981981981697e+00 3.399045045045046010e+00
1.655999499499499317e+00 3.393001251251251738e+00
1.658417017017016715e+00 3.386957457457458354e+00
1.660834534534534335e+00 3.380913663663664082e+00
1.663252052052051955e+00 3.374869869869870254e+00
1.665669569569569353e+00 3.368826076076076426e+00
1.668087087087086973e+00 3.362782282282282598e+00
1.670504604604604371e+00 3.356738488488489214e+00
1.672922122122121991e+00 3.350694694694694942e+00
1.675339639639639389e+00 3.344650900900901558e+00
1.677757157157157009e+00 3.338607107107107286e+00
1.680174674674674407e+00 3.332563313313313902e+00
1.682592192192192027e+00 3.326519519519520074e+00
1.685009709709709425e+00 3.320475725725726246e+00
1.687427227227227045e+00 3.314431931931932418e+00
1.689844744744744442e+00 3.308388138138139034e+00
1.692262262262262063e+00 3.302344344344344762e+00
1.694679779779779683e+00 3.296300550550550490e+00
1.697097297297297080e+00 3.290256756756757106e+00
1.699514814814814700e+00 3.284212962962963278e+00
1.701932332332332098e+00 3.278169169169169450e+00
1.704349849849849718e+00 3.272125375375375622e+00
1.706767367367367116e+00 3.266081581581582238e+00
1.709184884884884736e+00 3.260037787787787966e+00
1.711602402402402134e+00 3.253993993993994582e+00
1.714019919919919754e+00 3.247950200200200310e+00
1.716437437437437152e+00 3.241906406406406926e+00
1.718854954954954772e+00 3.235862612612613098e+00
1.721272472472472170e+00 3.229818818818819270e+00
1.723689989989989790e+00 3.223775025025025442e+00
1.726107507507507188e+00 3.217731231231232059e+00
1.728525025025024808e+00 3.211687437437437787e+00
1.730942542542542428e+00 3.205643643643643959e+00
1.733360060060059826e+00 3.199599849849850131e+00
1.735777577577577446e+00 3.193556056056056303e+00
1.738195095095094844e+00 3.187512262262262475e+00
1.740612612612612464e+00 3.181805405405405462e+00
1.743030130130129862e+00 3.177091246246246392e+00
1.745447647647647482e+00 3.172377087087087322e+00
1.747865165165164880e+00 3.167662927927928251e+00
1.750282682682682500e+00 3.162948768768768737e+00
1.752700200200199898e+00 3.158234609609610111e+00
1.755117717717717518e+00 3.153520450450450596e+00
1.757535235235234916e+00 3.148806291291291970e+00
1.759952752752752536e+00 3.144092132132132456e+00
1.762370270270270156e+00 3.139377972972972941e+00
1.764787787787787554e+00 3.134663813813814315e+00
1.767205305305305174e+00 3.129949654654654800e+00
1.769622822822822572e+00 3.125235495495495730e+00
1.772040340340340192e+00 3.120521336336336660e+00
1.774457857857857590e+00 3.115807177177177589e+00
1.776875375375375210e+00 3.111093018018018075e+00
1.779292892892892608e+00 3.106378858858859449e+00
1.781710410410410228e+00 3.101664699699699934e+00
1.784127927927927626e+00 3.096950540540540864e+00
1.786545445445445246e+00 3.092236381381381793e+00
1.788962962962962644e+00 3.087522222222222723e+00
1.791380480480480264e+00 3.082808063063063209e+00
1.793797997997997884e+00 3.078093903903904138e+00
1.796215515515515282e+00 3.073379744744745068e+00
1.798633033033032902e+00 3.068665585585585553e+00
1.801050550550550300e+00 3.063982942942943488e+00
1.803468068068067920e+00 3.059341309309309587e+00
1.805885585585585318e+00 3.054699675675676129e+00
1.808303103103102938e+00 3.050058042042042228e+00
1.810720620620620336e+00 3.045416408408408770e+00
1.813138138138137956e+00 3.040774774774774869e+00
1.815555655655655354e+00 3.036133141141141856e+00
1.817973173173172974e+00 3.031491507507507954e+00
1.820390690690690372e+00 3.026849873873874497e+00
1.822808208208207992e+00 3.022208240240240595e+00
1.825225725725725612e+00 3.017566606606606694e+00
1.827643243243243010e+00 3.012924972972973237e+00
1.830060760760760630e+00 3.008283339339339335e+00
1.832478278278278028e+00 3.003641705705706322e+00
1.834895795795795648e+00 2.999000072072072420e+00
1.837313313313313046e+00 2.994358438438438963e+00
1.839730830830830666e+00 2.989716804804805061e+00
1.842148348348348064e+00 2.985075171171171604e+00
1.844565865865865684e+00 2.980433537537537703e+00
1.846983383383383082e+00 2.975791903903904245e+00
1.849400900900900702e+00 2.971150270270270788e+00
1.851818418418418100e+00 2.966508636636637330e+00
1.854235935935935720e+00 2.961867003003003429e+00
1.856653453453453118e+00 2.957225369369369972e+00
1.859070970970970738e+00 2.952583735735736070e+00
1.861488488488488358e+00 2.947942102102102169e+00
1.863906006006005756e+00 2.943300468468468711e+00
1.866323523523523376e+00 2.938658834834835254e+00
1.868741041041040774e+00 2.934017201201201797e+00
1.871158558558558394e+00 2.929375567567567895e+00
1.873576076076075791e+00 2.924733933933934438e+00
1.875993593593593411e+00 2.920092300300300536e+00
1.878411111111110809e+00 2.915450666666667079e+00
1.880828628628628429e+00 2.910809033033033177e+00
1.883246146146145827e+00 2.906167399399399720e+00
1.885663663663663447e+00 2.901525765765766263e+00
1.888081181181180845e+00 2.896884132132132805e+00
1.890498698698698465e+00 2.892242498498498904e+00
1.892916216216216085e+00 2.887600864864865002e+00
1.895333733733733483e+00 2.882959231231231545e+00
1.897751251251251103e+00 2.878317597597597643e+00
1.900168768768768501e+00 2.873746846846847447e+00
1.902586286286286121e+00 2.870120570570570795e+00
1.905003803803803519e+00 2.866494294294294587e+00
1.907421321321321139e+00 2.862868018018018379e+00
1.909838838838838537e+00 2.859241741741742171e+00
1.912256356356356157e+00 2.855615465465465963e+00
1.914673873873873555e+00 2.851989189189189755e+00
1.917091391391391175e+00 2.848362912912913103e+00
1.919508908908908573e+00 2.844736636636637339e+00
1.921926426426426193e+00 2.841110360360360687e+00
1.924343943943943813e+00 2.837484084084084479e+00
1.926761461461461211e+00 2.833857807807808271e+00
1.929178978978978831e+00 2.830231531531531619e+00
1.931596496496496229e+00 2.826605255255255855e+00
1.934014014014013849e+00 2.822978978978979203e+00
1.936431531531531247e+00 2.819352702702702995e+00
1.938849049049048867e+00 2.815726426426426787e+00
1.941266566566566265e+00 2.812100150150150579e+00
1.943684084084083885e+00 2.808473873873874371e+00
1.946101601601601283e+00 2.804847597597598163e+00
1.948519119119118903e+00 2.801221321321321511e+00
1.950936636636636301e+00 2.797595045045045747e+00
1.953354154154153921e+00 2.793968768768769095e+00
1.955771671671671541e+00 2.790342492492492887e+00
1.958189189189188939e+00 2.786716216216216679e+00
1.960606706706706559e+00 2.783089939939940471e+00
1.963024224224223957e+00 2.779463663663664263e+00
1.965441741741741577e+00 2.775837387387387611e+00
1.967859259259258975e+00 2.772211111111111848e+00
1.970276776776776595e+00 2.768584834834835195e+00
1.972694294294293993e+00 2.764958558558558988e+00
1.975111811811811613e+00 2.761332282282282780e+00
1.977529329329329011e+00 2.757706006006006572e+00
1.979946846846846631e+00 2.754079729729730364e+00
1.982364364364364029e+00 2.750453453453454156e+00
1.984781881881881649e+00 2.746827177177177504e+00
1.987199399399399269e+00 2.743200900900901296e+00
1.989616916916916667e+00 2.739574624624625088e+00
1.992034434434434287e+00 2.735948348348348880e+00
1.994451951951951685e+00 2.732322072072072672e+00
1.996869469469469305e+00 2.728695795795796464e+00
1.999286986986986703e+00 2.725069519519520256e+00
2.001704504504504101e+00 2.721471651651652390e+00
2.004122022022021721e+00 2.717885667334001276e+00
2.006539539539539341e+00 2.714299683016350162e+00
2.008957057057056961e+00 2.710713698698699048e+00
2.011374574574574137e+00 2.707127714381048378e+00
2.013792092092091757e+00 2.703541730063397264e+00
2.016209609609609377e+00 2.699955745745746150e+00
2.018627127127126997e+00 2.696369761428095035e+00
2.021044644644644617e+00 2.692783777110443921e+00
2.023462162162161793e+00 2.689197792792793251e+00
2.025879679679679413e+00 2.685611808475142137e+00
2.028297197197197033e+00 2.682025824157491023e+00
2.030714714714714653e+00 2.678439839839839909e+00
2.033132232232231829e+00 2.674853855522189683e+00
2.035549749749749449e+00 2.671267871204538125e+00
2.037967267267267069e+00 2.667681886886887010e+00
2.040384784784784689e+00 2.664095902569235896e+00
2.042802302302301865e+00 2.660509918251585670e+00
2.045219819819819485e+00 2.656923933933934556e+00
2.047637337337337105e+00 2.653337949616282998e+00
2.050054854854854725e+00 2.649751965298631884e+00
2.052472372372372345e+00 2.646165980980980770e+00
2.054889889889889520e+00 2.642579996663330544e+00
2.057307407407407140e+00 2.638994012345679430e+00
2.059724924924924760e+00 2.635408028028028316e+00
2.062142442442442380e+00 2.632444372229372220e+00
2.064559959959959556e+00 2.629560619190619342e+00
2.066977477477477176e+00 2.626676866151866463e+00
2.069394994994994796e+00 2.623793113113113140e+00
2.071812512512512416e+00 2.620909360074360261e+00
2.074230030030029592e+00 2.618025607035607383e+00
2.076647547547547212e+00 2.615141853996854504e+00
2.079065065065064832e+00 2.612258100958101181e+00
2.081482582582582452e+00 2.609374347919347858e+00
2.083900100100099628e+00 2.606490594880595424e+00
2.086317617617617248e+00 2.603606841841842101e+00
2.088735135135134868e+00 2.600723088803089222e+00
2.091152652652652488e+00 2.597839335764335900e+00
2.093570170170170108e+00 2.594955582725582577e+00
2.095987687687687284e+00 2.592071829686830142e+00
2.098405205205204904e+00 2.589188076648076819e+00
2.100822722722722524e+00 2.586304323609323941e+00
2.103240240240240144e+00 2.583420570570570618e+00
2.105657757757757320e+00 2.580536817531818183e+00
2.108075275275274940e+00 2.577653064493064861e+00
2.110492792792792560e+00 2.574769311454311538e+00
2.112910310310310180e+00 2.571885558415558659e+00
2.115327827827827356e+00 2.569001805376805780e+00
2.117745345345344976e+00 2.566118052338052902e+00
2.120162862862862596e+00 2.563234299299299579e+00
2.122580380380380216e+00 2.560350546260546256e+00
2.124997897897897836e+00 2.557466793221793377e+00
2.127415415415415012e+00 2.554583040183040499e+00
2.129832932932932632e+00 2.551699287144287620e+00
2.132250450450450252e+00 2.548815534105534297e+00
2.134667967967967872e+00 2.545931781066781419e+00
2.137085485485485048e+00 2.543048028028028540e+00
2.139503003003002668e+00 2.540164274989275661e+00
2.141920520520520288e+00 2.537280521950522338e+00
2.144338038038037908e+00 2.534396768911769016e+00
2.146755555555555084e+00 2.531513015873016581e+00
2.149173073073072704e+00 2.528629262834263258e+00
2.151590590590590324e+00 2.525745509795510380e+00
2.154008108108107944e+00 2.522861756756757057e+00
2.156425625625625564e+00 2.519978003718003734e+00
2.158843143143142740e+00 2.517094250679251299e+00
2.161260660660660360e+00 2.514210497640497977e+00
2.163678178178177980e+00 2.511326744601745098e+00
2.166095695695695600e+00 2.508442991562991775e+00
2.168513213213212776e+00 2.505559238524239341e+00
2.170930730730730396e+00 2.502675485485486018e+00
2.173348248248248016e+00 2.499791732446732695e+00
2.175765765765765636e+00 2.496907979407979816e+00
2.178183283283282812e+00 2.494024226369226938e+00
2.180600800800800432e+00 2.491140473330474059e+00
2.183018318318318052e+00 2.488256720291720736e+00
2.185435835835835672e+00 2.485372967252967413e+00
2.187853353353353292e+00 2.482489214214214535e+00
2.190270870870870468e+00 2.479605461175461656e+00
2.192688388388388088e+00 2.476721708136708777e+00
2.195105905905905708e+00 2.473837955097955454e+00
2.197523423423423328e+00 2.470954202059202132e+00
2.199940940940940504e+00 2.468070449020449697e+00
2.202358458458458124e+00 2.465405695695696231e+00
2.204775975975975744e+00 2.462746426426426716e+00
2.207193493493493364e+00 2.460087157157157645e+00
2.209611011011010540e+00 2.457427887887888573e+00
2.212028528528528160e+00 2.454768618618619502e+00
2.214446046046045780e+00 2.452109349349349987e+00
2.216863563563563400e+00 2.449450080080080472e+00
2.219281081081081020e+00 2.446790810810811401e+00
2.221698598598598196e+00 2.444375715090090662e+00
2.224116116116115816e+00 2.442063963963964746e+00
2.226533633633633436e+00 2.439752212837838385e+00
2.228951151151151056e+00 2.437440461711712025e+00
2.231368668668668231e+00 2.435128710585586553e+00
2.233786186186185851e+00 2.432816959459460193e+00
2.236203703703703471e+00 2.430505208333333833e+00
2.238621221221221091e+00 2.428193457207207473e+00
2.241038738738738267e+00 2.425881706081082001e+00
2.243456256256255887e+00 2.423569954954955641e+00
2.245873773773773507e+00 2.421258203828829281e+00
2.248291291291291127e+00 2.418946452702703365e+00
2.250708808808808747e+00 2.416634701576577005e+00
2.253126326326325923e+00 2.414322950450451088e+00
2.255543843843843543e+00 2.412011199324324728e+00
2.257961361361361163e+00 2.409699448198198812e+00
2.260378878878878783e+00 2.407387697072072452e+00
2.262796396396395959e+00 2.405075945945946536e+00
2.265213913913913579e+00 2.402764194819820620e+00
2.267631431431431199e+00 2.400452443693694260e+00
2.270048948948948819e+00 2.398140692567567900e+00
2.272466466466465995e+00 2.395828941441441984e+00
2.274883983983983615e+00 2.393517190315316068e+00
2.277301501501501235e+00 2.391205439189189708e+00
2.279719019019018855e+00 2.388893688063063347e+00
2.282136536536536475e+00 2.386581936936937431e+00
2.284554054054053651e+00 2.384270185810811515e+00
2.286971571571571271e+00 2.381958434684685155e+00
2.289389089089088891e+00 2.379646683558558795e+00
2.291806606606606511e+00 2.377334932432432879e+00
2.294224124124123687e+00 2.375023181306306963e+00
2.296641641641641307e+00 2.372711430180180603e+00
2.299059159159158927e+00 2.370399679054054687e+00
2.301476676676676547e+00 2.368087927927928327e+00
2.303894194194193723e+00 2.365776176801802411e+00
2.306311711711711343e+00 2.363464425675676051e+00
2.308729229229228963e+00 2.361152674549550134e+00
2.311146746746746583e+00 2.358840923423423774e+00
2.313564264264264203e+00 2.356529172297297414e+00
2.315981781781781379e+00 2.354217421171171942e+00
2.318399299299298999e+00 2.351905670045045582e+00
2.320816816816816619e+00 2.349593918918919222e+00
2.323234334334334239e+00 2.347282167792792862e+00
2.325651851851851415e+00 2.344970416666667390e+00
2.328069369369369035e+00 2.342658665540541030e+00
2.330486886886886655e+00 2.340346914414414670e+00
2.332904404404404275e+00 2.338035163288288754e+00
2.335321921921921451e+00 2.335723412162162838e+00
2.337739439439439071e+00 2.333411661036036477e+00
2.340156956956956691e+00 2.331099909909910117e+00
2.342574474474474311e+00 2.328788158783784201e+00
2.344991991991991487e+00 2.326476407657658285e+00
2.347409509509509107e+00 2.324164656531531925e+00
2.349827027027026727e+00 2.321852905405406009e+00
2.352244544544544347e+00 2.319541154279279649e+00
2.354662062062061967e+00 2.317229403153153289e+00
2.357079579579579143e+00 2.314917652027027373e+00
2.359497097097096763e+00 2.312605900900901457e+00
2.361914614614614383e+00 2.310294149774775097e+00
2.364332132132132003e+00 2.307982398648648736e+00
2.366749649649649179e+00 2.305670647522522820e+00
2.369167167167166799e+00 2.303358896396396904e+00
2.371584684684684419e+00 2.301047145270270544e+00
2.374002202202202039e+00 2.298735394144144184e+00
2.376419719719719215e+00 2.296423643018018712e+00
2.378837237237236835e+00 2.294111891891892352e+00
2.381254754754754455e+00 2.291996196196196323e+00
2.383672272272272075e+00 2.290062182182182493e+00
2.386089789789789695e+00 2.288128168168168219e+00
2.388507307307306871e+00 2.286194154154154390e+00
2.390924824824824491e+00 2.284260140140140560e+00
2.393342342342342111e+00 2.282326126126126287e+00
2.395759859859859731e+00 2.280392112112112457e+00
2.398177377377376907e+00 2.278458098098098628e+00
2.400594894894894527e+00 2.276583573573573993e+00
2.403012412412412147e+00 2.274891311311311615e+00
2.405429929929929767e+00 2.273199049049049236e+00
2.407847447447446942e+00 2.271506786786787302e+00
2.410264964964964562e+00 2.270238468468467996e+00
2.412682482482482182e+00 2.272414234234233721e+00
2.415099999999999802e+00 2.274589999999999890e+00
